55931
81216
43460
21286
24684
76684
33981
58579
26679
24494
84178
6400
27521
63087
63502
55970
62944
48915
37832
38456
4710
72621
76042
93788
83828
62140
19639
24070
72148
30105
61609
44430
27672
5068
65715
52356
98103
16047
27286
41133
40541
27815
47533
68061
7253
27386
40382
70196
76300
78213
25003
97361
67186
1044
91148
51013
79536
10786
91434
51683
57242
69394
96112
84914
74461
78178
53621
88915
94225
97258
30048
51117
25072
93932
19177
32324
21317
75910
18871
97617
54123
43873
11329
21308
61269
2477
88672
57156
29614
80106
25190
3208
49499
37653
88121
40312
15830
58093
29226
26406
55350
75625
77522
80421
69556
13050
29096
90873
88960
47966
4841
43082
8190
16169
80741
85810
34997
85764
59317
64611
65869
84506
84170
31720
22158
72290
88383
54340
46734
33960
97097
2083
25937
74619
82503
95492
87668
27950
2716
76627
75915
23908
36060
456
56429
33152
2618
91425
18916
61934
72387
1136
46440
56556
49207
84949
45197
37589
55640
91930
87901
52737
10364
13837
43707
9218
25680
31374
37167
28396
24353
29433
68655
76764
29889
25083
26268
32506
32860
45183
94439
21598
46318
57230
94506
95525
58531
39702
49465
30522
47984
53717
83258
58347
67553
26964
67565
9585
74690
4731
37980
15394
34164
6634
8509
80404
48069
34776
29261
80928
79958
40051
2525
42628
97281
97030
54504
72163
53084
20320
2684
1067
74037
2294
75765
57941
45609
59681
67525
36650
80764
21856
52043
31279
44842
76904
11682
92910
28031
40942
73837
24341
80992
76361
66968
94624
89743
37823
83138
42826
58142
85822
60244
48530
88115
52360
22823
50075
12041
6699
86725
92804
28555
55119
24082
73396
32022
52115
66305
60053
9408
56493
745
6751
49205
67712
1375
38947
21886
864
98124
80027
86685
74719
44909
91151
27079
84083
41226
55471
90781
44302
48274
19335
99420
88707
9082
47794
40821
91738
24198
66580
48230
24942
73330
13787
9005
74704
69085
30890
75568
67209
27268
78604
41927
72176
86107
85357
72610
27332
40827
63391
87985
5452
99077
87404
10510
24511
35197
67682
16248
75746
34261
80830
687
7591
94616
9691
98646
63700
40580
90565
47260
84200
69169
5539
72727
55275
7247
45337
98958
48074
8727
86942
69877
7803
90697
80387
48665
42246
64420
64913
17991
98681
62094
35030
6271
73061
61072
21268
36760
18004
11833
372
2203
81001
5910
74929
52627
13156
20265
67936
77581
45343
71229
63810
69498
78277
60548
18162
36874
24967
99426
54865
23647
61519
6246
46269
34579
83669
67537
87691
1672
79369
88062
20226
76721
93971
95155
45699
23478
31771
29986
17411
77114
17566
81220
46611
95842
58119
81124
32716
83085
80550
3932
23084
42068
26529
69352
76647
10197
53240
64337
11869
48960
68750
32094
42032
79072
43600
87730
18901
75371
34067
36311
68836
67984
33882
31798
63826
92000
12921
12893
75085
9822
33176
98168
51890
59704
83871
44888
86252
53463
25576
14472
2422
94325
62918
44454
73396
6517
48535
92296
98239
98954
44959
83426
66937
78840
15223
47114
70840
44496
76358
62276
54317
9533
76795
22558
85588
60665
67445
71840
30479
9372
2663
49253
3696
65580
10058
93443
72097
74944
2091
86687
73897
47049
70113
57186
42240
1687
4299
29431
62534
80657
91706
33203
6541
68500
55760
92129
45517
39557
80320
75995
48928
99334
41599
52624
64914
51656
62418
53362
26600
80860
40048
496
44260
26512
57681
86500
44551
78332
15930
7084
58988
23988
40286
81880
92487
12398
74008
54355
51954
70679
46702
881
70013
88300
69856
51278
39956
32274
4639
66555
13133
61038
67050
57393
3902
41083
60244
48452
19414
76173
71887
94753
16512
28525
76632
8999
40922
66992
63353
9227
54022
10054
10107
40386
98354
79963
91663
38309
28588
12653
21215
41720
73691
4616
15464
93944
45698
92059
58747
81463
84584
30633
76215
1095
75509
52847
10093
16430
36190
89798
42008
90211
16203
52115
30597
30908
48429
38611
85568
77016
51264
6782
35087
41306
11398
66903
35249
73447
58961
93995
54910
43544
40979
31124
44639
16488
322
71083
49269
36511
60880
91277
43074
93435
59743
90022
24342
8171
28632
9910
85186
96247
33043
36624
53904
44440
3526
89152
17887
62487
99498
89148
6030
56829
20271
50668
73316
36945
21751
38936
89807
98982
46564
49232
92416
6306
39253
16758
30828
84237
43019
16013
80483
76061
52637
34387
36853
72514
39890
71091
35000
55740
60238
41030
12568
96860
8049
2235
33804
29799
57522
39963
28781
4086
89194
37548
26743
28447
70657
57571
12683
13675
89935
9517
89736
58923
60255
42940
31437
145
14030
66436
72236
74267
23817
84803
71126
31866
3389
21282
78016
60910
61244
23148
81347
66789
60696
8090
95235
31352
82012
24269
61379
88298
50138
67466
47221
10392
10405
95009
10536
24434
61444
82771
15052
1613
83925
2529
33478
87313
23810
27845
64575
1405
50993
62273
68194
28040
86714
79780
59391
68725
20401
20769
57023
70538
4586
20595
80929
14990
15603
7817
55775
93398
6939
70826
95010
90864
73355
44839
94528
13516
72684
75454
14921
23676
37727
99466
68067
24440
79245
43809
9517
15997
64578
82891
86534
69163
3485
83815
505
19087
91631
56279
12484
14921
43457
23846
22136
16811
68684
16664
46678
41367
8469
61598
81394
46195
77415
49460
86987
73012
93269
96503
89008
74198
79393
91894
59712
99229
75708
76568
18315
83690
32847
47150
98610
76303
70995
20746
9465
56031
53761
56142
13749
62229
34092
11495
24776
11506
60954
11762
869
70574
24616
89877
61123
20360
81770
37187
19588
57477
13754
54254
41166
62952
17755
39775
55606
5102
76872
81422
61132
30632
37564
91232
92861
88007
2726
17636
15864
80032
45749
16733
50605
86716
6609
28080
23427
4730
81618
59366
78558
11723
29971
19723
91027
47725
75849
46632
69178
52721
28054
30309
83352
81969
37893
92564
69975
40618
26551
2190
20649
88651
18922
87606
91718
41882
15685
15144
46611
13654
74509
25168
25376
4479
61242
16402
68556
37091
79386
37733
6163
23791
84394
5866
22111
22286
14782
92085
62903
41332
10626
99904
46335
29548
87509
38052
71429
19545
53196
18040
33198
44056
59559
74925
64887
20801
7679
49794
74243
3416
87526
80405
27206
88271
2622
49316
26908
17403
57752
89811
75087
68377
6066
21421
14276
93574
59472
85705
13118
29019
20096
62667
73075
79654
37591
54313
454
61621
4106
74696
65036
7983
71452
8593
96254
74074
57908
23161
7828
32011
29323
82914
388
35388
4334
14663
28961
63806
16719
58430
92824
36814
21096
82250
16468
75039
36562
33273
53011
40667
24321
18047
48650
95772
26639
61255
86197
899
84415
94025
32909
30090
76938
49648
65477
81272
64311
10790
61429
97381
69219
54252
34195
6667
52854
67014
98057
89415
16638
51067
46434
40958
85465
11435
36730
12104
72689
22926
13002
73455
33302
62262
3544
10240
11910
69021
7863
92572
96162
69291
89952
81732
39894
40498
88398
92747
23863
2806
98514
40501
53873
61299
81458
39337
72733
34539
67792
45421
73817
97145
35227
7118
59407
38771
33709
87668
24143
41571
80239
20304
10861
86542
2035
67107
43392
6785
59853
67254
25942
74718
24106
79814
36016
21916
35503
8748
56454
19646
70520
46622
16791
5747
70092
92549
60869
3800
80216
85011
45371
76806
21666
72583
79699
40052
39689
23090
63188
99542
6696
89130
90611
30801
68943
26627
52716
20797
51726
25522
40443
22246
72143
73585
44344
42234
66133
5212
62386
62700
6574
7756
55857
28239
96690
51907
68290
36379
74997
31478
52272
98044
36959
42882
45196
22253
69508
97912
43050
21234
39785
99844
59831
11927
73428
4174
70513
55912
25737
49250
34963
32310
57005
90819
60548
53694
59077
45189
6424
50425
93018
58695
48468
29976
17929
93664
52229
87436
7927
11630
25021
47711
11473
1203
75989
1252
21728
62853
57163
47464
12102
8477
79773
85458
15647
56672
55504
74723
1861
61927
25148
11230
36974
73615
41206
54902
83630
9786
58689
91556
21415
62
55618
49239
1264
31607
50490
22992
94459
24004
86807
22913
32480
66580
8370
64478
23251
80225
39200
41463
58504
64347
52693
95477
54314
10250
50378
37943
36387
9066
45851
74153
9127
1468
23391
26743
49426
90232
66086
60237
30587
52892
83149
79418
19471
7870
43895
59074
4447
83094
536
62950
63793
69580
58426
18106
96181
8803
72400
32567
34220
34602
6719
59699
52422
30109
86441
1847
36692
52526
78435
67278
5417
61583
46695
41240
85805
90589
313
90251
90035
17200
53200
53827
3132
27977
71932
99312
36779
60683
31879
87350
95285
38597
47048
47706
85058
49840
65904
21749
18717
44339
5379
24134
5921
68425
81725
8077
59014
98389
14679
65400
15588
84230
19226
35071
12206
7509
34383
48984
68191
66261
52686
79827
21209
16085
27532
22618
65925
93436
44367
84641
37774
66097
25126
60046
34521
23202
84475
9886
21590
99153
75285
53530
83383
10862
88600
95588
18370
22982
60924
2913
5594
29961
82739
26803
46045
26623
49420
28321
36410
10138
29314
90535
76234
54439
50580
27107
77641
51406
36992
15582
50559
28629
69111
50293
39490
57711
62232
74212
80692
39507
93476
86286
69467
76214
29440
31864
19188
78859
60184
55597
5349
89497
46131
97934
60288
13063
25040
54280
64468
78384
69861
31378
23364
38972
98022
62853
96682
60254
53416
93725
16112
46891
96362
1931
39457
25801
33794
58644
21012
10329
14241
26360
16178
76723
40645
76465
89785
82037
47096
70605
60420
16956
1982
135
72279
4
62987
85312
76609
32755
79037
9072
79645
75398
11002
35453
17551
61147
94097
38562
71476
24689
81273
87653
1411
21917
80469
7548
3953
27564
78152
80724
60871
96485
80858
33150
12840
60197
34813
5800
9303
13849
14872
5299
5599
42225
40752
23149
3372
34848
61710
74847
75888
59334
78851
93650
81250
75671
17549
1555
3234
95700
98630
80456
8537
79488
29957
37728
56036
64770
43528
65338
94970
58399
70636
568
16975
11387
23716
20346
62586
1777
11544
54825
61110
90394
48475
58712
82416
66023
60266
85649
78075
58895
82457
2963
54734
12413
40690
27121
77182
84217
92458
88504
58967
79446
89071
75942
7184
29139
12639
86122
30915
24183
40946
8377
30928
5772
67088
13344
88147
43705
15344
82573
18951
97800
1887
90037
26565
42576
17157
20098
43145
25967
8601
18463
21764
97672
10756
45299
26810
23395
31420
74076
47577
88718
98804
94856
94489
82243
8199
98987
25947
23543
97911
61250
37694
99797
67638
64258
42373
84794
84356
1869
27112
92956
20331
65227
6979
31087
10526
50140
70833
41945
24216
18409
30662
39371
29616
41503
21614
37815
56841
63912
77709
54752
41513
31754
54548
9150
12364
13272
93944
96719
15140
37407
6026
35471
2634
13005
82909
13159
63144
53741
71455
3711
88501
18469
43082
18116
76323
81047
72282
33163
44958
66342
87914
86471
14448
42462
95620
26811
55733
5915
39881
87225
59674
45906
39047
78659
75262
21955
8169
54758
92047
79623
74820
96899
98091
34253
31366
74413
15299
20000
23928
76609
86341
11841
79431
17140
70654
91402
43950
42739
13669
83830
29963
73342
46088
69009
52000
37701
7315
60168
92458
15713
56142
83630
12611
70585
17882
60328
61349
49533
80327
85276
42493
83020
97117
21923
159
84122
13324
44109
26860
26992
44290
56822
16685
6729
42182
68684
44430
65848
45203
53239
81560
1345
36868
10522
88281
71102
70850
49629
20634
51176
34905
63126
34195
48373
1400
50706
32494
14723
11166
59354
58067
55455
32527
74751
62184
91061
59787
22965
56908
21341
76203
38468
22685
13071
48989
27317
524
36190
76946
21157
87366
11850
634
37912
76574
2033
88617
9067
33107
99782
84772
91173
71589
17299
65924
50124
24711
42062
73088
81618
63402
65642
36437
2439
95064
1778
29755
95587
37967
6700
33095
25332
34901
33728
79596
11474
35760
68212
36893
85219
84346
21664
76391
72286
55314
58666
22409
80024
17079
11848
61642
80481
93841
98078
82919
88905
16207
29025
84491
54174
52077
17586
79505
86977
67665
59100
14803
19777
43664
68047
4995
44361
89710
97737
16646
45024
56403
39054
41399
73481
67253
19392
70313
61093
33822
69583
49997
50028
98608
50840
4201
50684
84777
58
54012
52441
75509
85166
88569
19172
53212
93563
79884
42922
91300
96529
4297
64054
51934
62047
53886
19186
81439
40551
80279
15260
10133
46627
65287
8740
13818
69488
75775
98594
85897
29787
67387
61405
31304
55955
96929
84516
65870
76812
43789
73521
73341
64437
37574
25274
26483
7811
60812
7921
48361
41090
23180
58494
4068
4819
83585
34238
90658
59360
49183
76554
5498
16569
54310
36801
88876
51238
37668
54745
44402
81456
44617
17742
45892
82190
59367
88727
6352
20178
96647
71065
77619
36179
45910
98039
57349
29494
32276
48006
5205
81458
40911
27054
98027
95220
80207
3254
62810
34226
74350
7211
15682
18966
41304
77925
17507
670
66651
23858
20848
79650
11274
98466
32180
57183
96504
89528
3029
28779
53885
8233
26589
94795
51639
40967
6366
48197
44220
85527
82422
18569
92737
14455
53886
34040
8732
71392
51062
75382
11601
71909
71383
22875
86726
3562
96409
99582
9441
99437
44712
63325
24022
71300
74471
75660
12266
97189
40208
72837
99067
22629
7757
91804
37084
61642
42195
45815
49385
9608
37548
60986
81516
25283
212
84594
45196
96620
84175
54637
12409
45238
34313
36430
16538
25136
28441
45155
38676
68648
17992
37742
7628
42100
45897
61063
3742
4444
23229
69478
14051
60777
46815
95567
2411
47026
96512
47606
59998
97038
18594
72406
42275
69259
25187
75164
10746
53627
20319
49421
38626
54662
87162
62605
96761
49411
23668
16854
53854
46896
2684
67904
24024
49498
79822
26434
12876
76333
90392
72873
89722
8985
61630
31997
94595
3168
7160
5340
73146
43830
71112
11771
98491
74626
74375
11604
24036
14394
44809
77889
61290
47492
45792
85313
13342
41966
28099
26217
18298
18490
15441
8020
43826
93422
56368
38421
96589
63527
60112
69734
23709
31224
97856
38551
5849
88582
66506
29884
2976
11315
24124
80617
75158
69915
82281
88499
11880
10379
14715
46530
28868
46507
70901
89046
39928
27268
43818
36516
7146
3929
22601
47206
51504
20456
85757
57352
25390
52262
3587
44717
79928
27710
25333
55086
13977
7613
59936
42208
34344
74651
5089
79563
21157
75989
68608
77437
19608
28777
13952
43106
32706
52905
90311
84209
89712
92419
57913
15101
44681
61499
76169
24608
5561
1501
79693
19537
25466
39629
61744
76161
30631
66833
55723
68139
59173
40683
45575
95133
69459
75879
38238
2164
28783
44900
2725
18494
37319
76989
49947
98351
38487
26115
22958
60399
43968
19003
79935
85785
74983
58031
61945
21965
41215
17667
90103
387
58349
52030
95519
27808
44260
50108
46323
89394
11360
49047
7887
65030
26035
74185
63380
80874
300
2689
41272
60619
21691
37559
46403
96673
95589
8347
34989
36803
26013
25092
53541
714
93473
65412
28521
37732
31871
74843
27125
43230
40242
51363
24611
82628
41900
87990
63501
58551
90679
21125
19169
28721
75035
81923
41746
70623
90269
76734
23777
32633
18177
93669
33346
28001
59080
61866
65732
90951
53061
9208
50532
93302
76923
75143
75929
35174
79484
55782
93724
70162
93258
29244
15235
68292
11166
56980
55266
1434
50065
95394
34066
68242
89062
67412
96242
48142
45629
78326
39092
98689
3885
5975
8342
97159
81117
84271
32332
60601
56404
26055
47114
49661
55298
62348
17952
82815
35679
89569
84248
85744
84962
34666
70337
74023
18429
66578
22164
80409
61255
77607
79098
65140
83582
87439
78650
81050
88061
10982
41650
44464
53388
5116
10476
25038
67463
44779
7852
19494
34347
8452
5237
35660
43117
91925
9683
77897
74854
48198
58305
36109
25805
53754
17600
25738
57545
96249
6787
45605
23582
64789
6421
76970
69904
33248
18359
53718
78027
26210
73211
28725
51013
94799
64385
10481
86723
74067
88377
61577
22264
63034
14037
64420
16787
31636
6509
74331
44236
29648
36288
84170
94436
42708
61139
80691
75955
95849
34408
70333
38410
23971
99058
89423
18769
63442
99903
21844
53860
4632
83420
92475
67665
97456
73247
84451
45443
79755
75134
6030
9402
11421
90199
20189
54128
67689
879
46434
63537
35287
16767
1947
59257
15824
7721
94377
95617
23975
16220
49476
44958
15991
58302
12622
13446
31548
13425
75240
11303
4910
81270
37056
16330
87820
57245
86809
55509
58123
33242
19045
93409
66360
37343
69017
98535
61415
63394
94151
85390
95965
59978
30347
11956
18280
59321
41753
66179
89097
16993
77481
94006
14614
14537
10335
2433
71781
13495
57941
46255
63088
93338
39664
29448
47032
25032
44334
8447
4777
54837
10188
742
14814
56886
12697
49445
16206
54449
15624
21654
87793
9456
15659
18758
40344
42345
21191
28476
55839
95483
74731
35279
88820
30746
64726
52204
55777
9059
60650
76906
80247
70837
77647
11413
27722
6695
60857
60280
77495
92832
81933
81640
18640
13944
397
58983
72640
21587
87459
44831
33422
78541
80109
38593
9286
44834
90796
81414
70244
51445
58319
50491
38633
52317
61903
82707
59011
39111
59338
52858
48295
41270
34497
66934
71565
34893
42268
44205
72832
46078
5387
6253
24618
85495
44845
50255
46680
51993
31669
33275
19789
6339
117
58422
58656
62019
57480
34018
17482
16817
3227
82128
74438
37723
65413
46003
88968
7680
6559
61799
70110
11945
84403
11079
97439
45599
61334
60470
97591
9354
93744
17380
32044
93861
92153
90699
72231
49632
41069
89712
66448
44295
71839
40885
98370
53603
3239
87337
61283
9797
65487
31392
38093
49889
42470
51883
95487
20155
12352
9430
45860
6096
26809
77904
99956
18961
84954
72186
84944
26022
78250
51391
86669
66440
8627
85038
20043
28218
88726
97677
54366
54212
45420
92459
4100
4241
44341
15938
24396
56693
25367
70255
79140
68527
48158
79095
87487
49464
67632
88782
75485
45881
40172
78505
28673
65151
79894
65067
9720
68619
62743
64085
22830
8162
56543
43281
12402
17236
59219
53149
73928
937
23404
69419
69464
87913
48513
73302
37376
32496
62084
29213
94729
18607
24069
23401
109
3963
88467
9828
88933
51209
73913
28115
75722
46807
71395
88123
64042
46965
41272
54321
64254
81027
23739
33717
85291
88603
23370
39019
21099
1805
84583
15827
20412
8651
39227
36872
12613
44045
46700
17898
11605
20612
46012
87326
83770
33758
91800
47812
80723
49423
2132
44976
46801
42223
95044
32092
30825
18413
87462
51923
20218
72044
84101
56981
80694
39679
93852
9659
83723
56903
27556
11679
93866
89919
99004
77636
23676
7156
25447
4398
56578
43930
65725
3379
2504
77120
51822
33329
11885
39283
1603
32102
11326
2056
5434
92019
41734
15637
18029
41809
72540
61936
53487
66405
51854
68843
44040
75530
75998
85838
79927
32575
29768
62004
52305
32271
39123
4126
81951
51007
59760
99906
99460
71085
1961
4893
79456
43694
36882
97484
1854
9421
59420
55341
75825
11273
40535
36217
86802
16532
22054
83081
65458
68173
61436
34115
16796
558
38240
98746
51565
98000
15003
67376
85436
16963
88621
64891
77009
25502
78727
78862
34922
38146
50554
27098
65770
91088
63314
68924
23971
1720
68356
5781
69892
29791
39895
3039
46700
94486
18137
14616
8837
33139
81992
94273
66454
70612
59163
43462
12465
54241
38675
47386
8738
5581
90835
74508
13020
70501
59783
53343
88572
28138
59123
74815
74280
99017
77854
20979
9854
95990
35595
18691
45480
33938
12963
11933
4549
88477
71746
17013
42718
10421
80750
51455
32353
87936
42314
45372
58436
2096
98714
47007
46585
74188
21822
37216
73204
16027
58195
99410
12016
10141
18100
57495
44078
31062
85780
64978
35890
57525
81990
78607
84297
79091
46414
16649
67026
88727
78373
41814
7175
77086
5172
70111
51274
43345
7327
40829
59371
81873
40238
87738
92013
74689
61585
52442
5750
47364
17419
41640
21240
15760
36598
5537
11202
83011
38537
94579
88090
16909
36392
95264
93995
41564
65374
61620
1260
89052
18800
60631
70924
75390
64720
79288
50078
26304
48081
72180
90019
65499
30171
11259
97610
66768
16795
25163
66131
55331
19742
54220
72240
56133
65835
82586
14048
47560
60557
31660
52964
95708
92290
23887
71097
57009
19527
37527
99665
67607
26058
89683
49458
56228
941
63419
39347
34087
88582
21829
5770
8323
92400
78009
80807
58234
76946
11207
22146
53854
42866
75109
49561
51507
15347
37010
24867
51225
74536
24531
35184
16945
14214
84641
73172
31506
64411
28870
65593
69344
50699
71362
77666
43098
65722
74825
17684
59019
2383
56181
12872
45248
47641
78784
13106
62987
15793
37972
30564
6680
78855
65747
23624
9420
50387
96795
40925
31149
42017
22869
493
9067
10582
94510
52164
92655
69334
86199
51673
88068
58731
80896
49667
6371
59680
62772
85710
91824
17096
16273
98504
95950
82019
22127
21721
48757
35274
62645
79905
77290
1866
80397
86356
12447
74907
54871
21454
60592
57422
89478
48660
16152
70374
98326
22523
46405
77450
24584
38228
94545
40856
36731
6846
22874
75210
28566
71630
10483
7562
51534
4124
9427
48283
6831
38226
23189
78053
59679
132
35474
65508
48791
67978
35881
63469
6852
98637
40918
31435
36865
51814
72290
89947
58659
95163
65156
3576
83144
91990
11137
34677
96113
36916
99311
19295
75141
22499
97348
51171
38983
49173
16678
87773
17150
68911
67593
40353
67547
24862
71787
20763
76675
60428
27062
51685
71942
92217
55260
55085
559
66397
6114
96671
3312
5424
15966
94804
44275
29665
62326
83257
78837
95355
87381
12339
64265
54974
52691
48164
79835
40830
85278
72862
1257
12339
24546
73199
20908
96158
44635
21466
78906
50748
34488
82217
72524
50453
93372
16798
96469
55697
16406
75306
51051
3786
87644
31668
58759
40334
96183
54946
81163
81460
44159
98772
10151
68704
88322
31058
64861
32956
68875
60118
56
3362
42334
72579
70167
52057
5728
66635
24105
22133
41940
91508
42270
29583
39527
17381
86269
35709
72326
83783
33520
32836
82554
43670
1539
70875
91079
82752
20183
59953
42869
20238
79667
1555
9168
49833
69963
31247
16467
94068
69731
58407
85575
12000
4341
41453
29380
6961
77161
18057
90744
27032
50892
89649
87054
68783
76876
78132
67886
97058
54437
27106
17295
34103
45012
42814
83935
14975
74060
16753
25394
43790
91511
27320
72141
95852
68772
1521
19164
62284
35929
26259
89315
3173
15908
76368
88307
92783
70852
72544
6192
25288
99649
23486
75742
61013
66299
76028
92339
56710
92780
17732
499
84291
61403
88991
96494
30174
90511
15657
92457
42792
58268
81771
62316
90527
74491
50622
83309
45342
23165
5852
70629
39165
29337
62722
177
11987
55101
8867
68696
47880
26598
85546
48522
88000
74536
61367
34525
81399
93376
43333
40542
51643
25104
2857
42169
99594
69830
41829
61287
92994
47680
48267
48510
93368
10988
65039
5354
66088
73905
90401
30319
16855
92298
78841
4854
83185
56559
55731
64583
49934
99063
21476
1576
40518
24332
43744
56463
94161
1924
17749
3506
49603
66015
68368
42970
93354
33406
64675
75793
23662
71427
6112
40516
63724
1304
61722
46909
57862
17452
27843
7796
32866
49319
25723
73384
90002
69467
29846
515
71390
47595
4020
37345
29961
88739
96666
23315
38496
61341
99107
62158
32767
21570
2673
12843
39225
80746
59751
97087
98197
3945
21234
31063
53263
46956
4446
59617
32774
50643
60131
20516
14589
80502
74212
44550
69241
70877
84216
7736
32217
99674
69893
81336
21244
88918
10530
60468
69663
70280
73906
84212
90576
11491
15274
60191
58447
36071
19807
7572
3065
79937
44439
17654
60438
18650
78555
29678
89527
62770
53766
38095
62443
23658
35782
38
28927
46311
76858
98590
16590
67115
82801
23518
78606
14426
83708
53404
66848
3514
77327
69912
83450
21766
87565
60239
40415
66119
6269
29941
45240
60034
68036
7683
43
3817
24072
28970
50128
929
27559
83069
84396
26711
6586
63001
41136
6645
32756
7983
10158
10082
94246
9959
31847
81811
70198
72262
64281
76466
18554
9521
52851
2941
33555
52893
23110
73978
81862
89589
91259
25772
89009
75654
68834
11947
55006
26321
18591
87761
50655
28749
14194
44901
55059
46041
26711
25256
34654
7343
18073
69559
33215
87275
72500
66769
40168
95609
40747
38381
85197
48357
80505
90557
24010
49338
2503
79015
75659
21094
83127
26313
66194
97320
87565
21252
59712
30627
62860
10717
37970
80932
80276
71184
84559
69127
54305
24726
81087
11403
79458
82635
59759
59962
73191
83768
25652
75694
79134
1310
96787
78612
43974
62980
92283
31539
583
51995
62165
63442
79063
16486
60726
75690
87670
45284
61168
58326
70009
42254
69728
49466
24888
29486
25780
14431
29605
51431
90124
25090
69092
3262
20053
29417
82593
12335
77307
83175
80681
39472
46617
59744
72309
7342
51785
76330
52625
12953
34655
38985
55206
4382
4802
96446
50219
30581
27228
96175
98363
17351
37616
67454
36964
57668
96871
19556
70003
74177
2730
50683
30000
49346
26778
18661
73039
78563
94990
42015
91515
29645
80999
63072
50378
2153
75869
597
49085
3096
13123
47448
36798
50739
14901
73761
8406
28123
9668
78408
18652
12398
45443
65003
78095
72220
83663
67486
50782
78653
9500
58648
24649
6851
38072
75026
9003
30292
91974
58087
49740
21449
5534
86537
72187
36787
76650
96944
81261
2669
75352
16264
31418
37146
81267
9513
9365
81281
93350
76499
76285
2849
51498
933
9699
5921
92311
18701
36213
636
93140
85952
22084
98673
88840
94270
51811
81841
91214
33072
84510
82917
49335
15927
20062
46953
41791
45778
28234
35140
22276
4518
54341
73774
21803
64039
79694
14113
99092
32258
14748
92231
34561
36832
7255
23401
47453
59066
21593
55018
8489
6102
54286
74175
38381
74347
37480
96523
36477
65713
48015
58752
86582
2355
48877
8384
82745
44923
22496
98188
93532
37244
6770
28093
90427
14025
51493
54231
89442
89437
9249
14282
11891
63534
88456
50271
54233
25935
63145
90709
7999
27511
65812
94581
29865
31041
2964
28962
75963
25460
27149
69494
79055
33919
13938
85833
64295
81782
40063
53736
71219
65663
68017
83109
29197
72824
49731
99781
15111
29227
6841
39461
56738
72652
34041
86602
3692
53357
31915
96006
78816
75416
81852
74222
9334
95789
76406
89980
77571
16468
60067
65141
82131
44435
48249
27679
17258
14331
43811
48720
43557
50651
88181
294
23302
38573
3248
43346
91929
35162
55703
87096
10577
37554
61317
36262
49695
37722
26241
43617
70542
86307
8757
52672
30741
57005
96702
64351
71335
40512
29422
14891
91162
17602
31537
30815
72527
34784
90512
64455
69945
46215
51551
96874
120
12867
33135
49814
66941
75728
93430
37482
78386
2186
6505
25479
75542
19558
89829
63228
60069
19250
94471
67582
53204
26007
14748
25730
60790
5260
6536
47086
51474
58086
43959
51593
87305
93446
17759
54245
69173
11188
8078
63910
29726
30934
89388
21619
66843
95568
1199
43263
31170
95669
10844
84373
38027
25591
26454
15168
30850
32989
62253
98675
7427
22564
50268
94731
16009
84378
65327
1533
11917
89756
65442
41642
20689
71182
79613
3883
66749
80811
47145
97918
92831
57988
98642
30857
99930
41447
46024
47132
74436
24628
45806
98214
47191
12425
92944
79551
96802
58270
81083
8719
48025
62877
66712
85065
34058
46324
88947
806
43486
52443
98724
36316
10430
13717
83524
10359
55164
45899
57490
45951
70527
19648
44164
34069
32072
37107
13620
28874
11728
94702
53944
76104
73930
20655
77520
7987
66979
66466
25145
10464
18908
40220
63132
45689
53936
46655
72399
9099
92554
46241
55049
63080
65888
99212
13500
14311
52670
27119
43184
64397
38173
97127
40500
12102
34134
18019
36441
1112
836
61585
27927
36095
1804
7410
98135
55739
54065
70534
81190
62970
33126
36238
42401
15365
51802
55900
29675
4471
83019
89211
85220
21191
2689
25719
49644
36822
60090
86084
54285
60925
64020
98564
13372
65823
5973
11506
37914
60037
98391
35455
39358
31516
88044
81758
46880
39845
37658
92907
60668
37028
82117
45887
74570
84805
87957
24213
37979
48046
26649
92263
25323
90668
90826
55046
56491
96799
66551
10756
73187
64942
46210
28897
12809
34253
10654
76041
90450
64663
68947
51117
1690
67415
13355
92611
68571
17663
16824
6549
65709
59824
15164
7383
50491
5989
62428
23333
19139
45330
34088
8678
10271
96649
37574
39432
47254
64579
15472
37703
29242
770
5171
47283
68184
34877
56246
36754
52539
73069
43303
34599
49244
58466
41981
99734
80806
20760
23067
16297
66090
73506
24974
92712
70155
78899
32143
17408
43477
63966
71462
89070
64735
76632
52705
49270
11508
8950
86024
64046
98370
45678
14997
47613
20495
56977
47346
17652
94089
86764
33948
60178
60270
75273
69241
46776
54171
17736
80535
14000
81701
51996
19421
62788
44979
72125
28409
72838
81074
30784
53235
95795
76461
68231
43407
13307
41560
7105
30959
35648
93868
81258
12177
70489
56531
81417
33616
27053
99152
14150
57404
97205
82497
76825
76344
43827
48949
4752
16664
46375
35536
69899
42169
28348
38129
1928
41655
79688
9032
88965
31687
19251
70222
43863
6092
26752
41632
39707
70157
40783
70209
27560
54339
69057
4384
30682
12884
69685
51786
29547
32411
87321
99445
90931
15668
53926
92858
73674
49965
18241
62638
81652
37492
32860
25514
59935
75963
67145
15993
46119
24280
2553
90031
78618
71610
10766
25652
845
80450
77437
46743
29212
81109
62540
20143
96776
16465
29352
86802
66429
47593
49439
64432
85084
98650
6298
45018
74613
89794
77362
37083
14073
79915
27113
9043
51524
37879
51046
68720
34680
28482
15462
63892
25942
78001
386
22717
10817
29737
25870
77246
77329
75309
58029
78764
90310
64326
40133
64922
54120
17495
2005
84544
97409
45469
93586
65284
83347
60983
34003
34379
5816
49464
14622
31757
43817
15007
70826
54633
61095
96695
48230
54776
88355
6259
33539
78665
70584
73672
43586
24703
7518
61942
9247
4926
23763
19184
86561
23461
80167
20563
57839
85982
86378
88812
17739
30194
3818
88564
84827
81265
1610
49408
36040
89965
55666
85930
68629
42602
75953
28566
67304
83470
6860
92902
4747
30622
28438
91307
54082
24956
11869
28273
27289
98247
17084
61379
44792
20902
49942
45970
18518
67904
95378
54557
57868
51043
56838
26496
93644
32791
71413
77300
16260
78272
86553
21007
8893
31342
12313
79327
56297
40534
7599
83586
55132
24682
44964
99923
61935
11258
62245
80452
79161
57622
51360
53380
25016
8198
96227
35012
40988
67639
28663
73599
45911
15215
10957
71155
62909
39622
50481
35557
80155
58079
35494
51638
82761
96810
51560
44695
24419
13804
41499
19931
87777
92858
73310
12793
17407
69536
47804
58394
37174
76466
48345
99436
8032
59301
70591
87292
98922
21071
22849
95428
79150
58342
47065
78262
55151
14977
22956
79569
45132
64454
99499
32909
73664
89160
45701
91070
58695
9856
65816
12221
2673
14160
11656
10704
73460
82246
97996
88734
19669
37196
84161
15170
95537
31226
93431
67040
62554
32738
62960
7685
13544
62459
40593
87207
51618
2645
78276
26665
28852
60443
38885
31524
74602
66892
58580
64414
49138
72927
69499
85158
10122
53659
327
5658
1236
10109
89049
63789
42846
52009
87826
56389
30819
28418
43595
82436
47415
38223
25452
76266
98665
64336
7790
89619
31228
82721
54032
96717
55647
23530
98226
65768
93540
98552
87777
11128
8660
76826
74916
51505
28834
62741
24246
59652
7511
67840
58439
71277
22414
83891
47542
21079
64578
71683
27049
12157
54403
97432
8873
10049
37313
7098
92168
30852
22001
79945
58331
47012
56770
33247
14869
1955
12339
39114
77958
36201
23305
36396
7477
45719
36638
71371
83149
1216
59405
10197
13372
30160
7628
38597
56560
61292
62046
48728
92143
399
45024
66826
47410
1793
16424
62278
20099
28762
1391
98056
81315
41048
34451
5143
86766
71089
92865
69914
88656
68622
96462
18379
98781
20441
56975
71692
81732
35373
20419
90226
35771
81794
57051
99532
83586
73474
78162
20036
18588
79552
18091
16254
20599
68894
21396
23716
56334
30613
9981
44989
99234
22794
79719
98014
43234
53046
69705
41317
88418
6476
47895
40540
88269
4945
56423
88207
94771
34584
24594
29710
30488
42685
45963
51086
27930
83710
91154
84263
14322
1134
45603
29907
23928
25321
27920
83513
78366
13977
24830
83135
36804
72724
40026
41424
94020
96449
45982
5142
31032
70576
34851
61519
13260
97165
28957
41189
97227
36462
41803
11548
37595
87405
41455
77874
29077
85726
61387
23795
16054
2568
6929
69209
91643
63307
10633
2014
59755
56614
7156
7138
27189
58358
85009
56800
55523
30317
14340
52749
66778
56142
80648
20724
59898
38454
98598
88975
24180
76336
12769
56585
95255
36049
25794
3249
99355
52778
5262
75461
9391
12417
98951
52932
70775
83959
26083
42649
14275
40423
95397
97404
12916
92396
18127
72814
30850
33076
78140
71381
25763
7260
27965
37369
59660
70110
40617
75367
22887
45879
50827
48630
58295
66129
1561
45421
50087
43995
88069
80713
84417
99817
78116
97333
92213
12595
86498
23062
62022
64637
94442
87785
71896
38758
41505
31555
8868
82122
23273
48106
44352
74100
96735
18998
40228
14647
64419
6667
74994
68839
3731
59410
68656
98199
73094
60868
27145
59591
83929
89166
24227
94722
93302
12474
49831
34807
60381
75050
33280
83653
23156
77631
74104
36242
96628
30684
67241
61046
37350
42234
29885
57432
17995
14892
55630
91089
75759
82774
50679
76039
88292
91258
87112
81593
3731
36942
32751
64111
11992
66030
64116
51499
43660
38219
4092
40288
68902
87684
17685
22603
29917
63921
80035
64264
78812
52016
55352
70922
51142
6030
46960
39433
97287
34071
37377
17370
87365
70128
97832
99356
36157
61947
67206
96169
166
71297
52808
69067
58981
70492
91670
5249
50765
88056
69512
29576
40071
24863
498
91212
47245
63809
46996
60883
97880
84373
78252
85244
54500
76084
951
7008
38030
68156
3176
54547
39452
55983
23614
14784
42827
31635
20033
9943
19690
89544
39518
59760
14407
56367
67324
78003
36528
14319
38885
50759
98691
33489
52354
69542
25924
53304
76550
80305
37811
96077
34852
93614
68412
58465
8398
27590
90099
28430
37532
26140
17973
77049
2251
48731
49768
69574
43085
86295
245
98322
37053
15287
31810
89406
84829
57733
59061
77730
38037
96871
73806
89240
90484
42217
47704
15233
69806
54154
43662
7337
80293
77987
738
82544
43069
66857
68469
86154
69503
68713
84475
22907
84000
32636
12312
85180
6720
87724
62909
44756
84594
53066
33996
91429
11635
98051
6662
97792
68557
66675
21481
48849
61013
22218
47744
4082
5426
16213
6587
74928
1277
7413
97834
1628
40048
26497
86807
46767
14220
49715
7874
15165
19133
58221
22945
30767
56272
45958
28558
41180
28985
50038
90028
89997
88607
54124
94078
94032
86688
17016
85311
87964
24428
99496
89592
64475
25992
92750
11241
56563
58817
19115
88079
77949
93687
11024
8715
66310
73333
37272
7489
2317
87310
13869
92314
75916
67992
2743
86300
54679
19759
71610
58994
44186
87458
48585
8661
13449
57687
36253
86364
16503
71719
74442
94451
65406
1817
3165
31715
91502
56788
55556
93818
44097
69424
2483
36365
37415
5226
39016
92093
41336
26977
67438
85521
14434
16023
10533
44235
90061
46786
30598
6563
34856
21391
1013
261
39560
4177
48328
31061
60964
3883
41230
21413
73306
43713
74129
27072
65290
13144
35516
6625
56472
2953
92145
70906
35327
19030
15140
25387
82167
62089
31949
17022
83479
32961
33635
23038
53489
81962
70450
30805
2196
11680
68569
91853
55392
42697
18924
20681
72192
54439
43657
28663
73743
35801
15920
9070
71182
31059
34456
53348
9499
82757
70370
92978
32069
4004
32367
85558
2317
2817
32714
4512
14496
1282
12716
86239
60330
31639
6919
48873
2429
50575
93887
76171
2727
9807
1592
90261
57217
52400
43608
66716
35156
30329
76045
67224
34332
8411
69133
36648
27579
1846
57511
42074
19479
70226
44664
96160
18216
67934
45032
20644
34860
38919
13167
53939
65077
14758
44199
22293
83509
87806
5360
18664
18135
81404
2240
68818
6167
71372
21818
33745
89570
79328
92171
25400
65906
36834
21560
84121
4768
82943
21117
39627
38213
34283
93565
19641
65392
54115
41934
65253
41921
63645
83916
76407
61401
2507
45224
67567
90231
83393
17663
96152
62721
9833
21551
28626
63019
59462
12746
84138
58757
50214
40116
96969
84496
50033
16610
66240
4147
74895
31492
62419
54891
31759
38825
16291
34266
401
83857
40848
83793
1520
36999
62865
27704
58549
7842
90722
34363
20588
91211
93119
70801
31327
6439
71649
81359
39400
54240
85505
30646
2083
47924
1889
50193
3100
18179
810
19852
18388
41657
19997
36259
78655
99213
63962
53556
7055
71036
4270
27642
62246
97388
14794
93572
20178
2794
91282
75930
73385
76787
22927
91819
41062
24815
42012
60513
59346
42821
96717
77733
84478
16713
13991
79484
15925
94304
33039
22979
81691
37308
66972
60289
51047
98118
70212
87577
17263
61494
63506
90648
54632
2784
98818
95693
27599
40829
72557
86944
2
69273
81028
84479
2337
11370
80314
18262
5673
13353
57592
3716
67012
40916
64004
18059
39033
34215
5635
72647
12060
85492
79646
66691
4627
78464
62383
32225
19292
51292
35520
19293
20564
32899
20123
22901
44268
437
57514
66293
30141
15105
70008
97152
72372
50363
15210
11404
84577
37196
84051
96637
39039
63696
79679
43666
58511
42062
92242
77803
9705
44114
13447
30268
77012
49922
69520
21280
66710
27033
3924
13202
58490
73931
10353
30861
24293
41915
58617
25221
95462
59019
38209
34501
39066
17888
94518
97577
76301
86759
91731
86005
47224
21529
32624
40588
87802
2144
61867
54511
45528
82142
67712
20369
56072
94417
67582
96716
36331
42550
38288
31792
1568
76497
82644
56985
94384
77161
70913
87036
80272
62643
73040
43847
524
5663
84434
88325
24158
62652
59188
86038
44793
43251
6406
17216
37667
73987
13931
90349
32888
52219
38493
34455
45067
21136
7792
55802
14649
78704
42837
11272
57699
15876
55118
74574
37890
55904
62898
78400
18555
38437
64437
63348
81688
87194
80563
35706
61181
10846
26055
10420
79416
64547
44875
24482
2034
69018
80283
33034
64073
23119
44305
21771
55346
15775
96344
9587
71678
75594
4338
90232
14030
68774
69931
95717
55968
66846
31423
33500
77691
73829
43919
57106
54727
5145
97939
56760
90514
78221
89794
54587
17691
50450
92709
89388
66224
89053
98974
37901
80998
3312
44485
95027
88437
14415
7096
60756
81260
54870
10607
75302
28698
70878
48759
83424
92374
46697
56535
82888
41269
62680
37474
75311
13130
30182
64698
79353
35586
80024
33606
16583
83335
78090
11610
88123
8856
35057
48879
6468
89926
75837
81769
34975
46714
46880
34750
39088
9928
7636
38327
51197
70316
92152
42859
83445
22333
7557
62797
74271
87580
12754
90853
87266
90843
18814
75388
99699
70222
40618
6166
60147
32807
4286
11473
79520
51165
62574
34959
61093
70210
89637
28641
40525
81788
87851
23969
20473
95407
3117
94743
99338
15871
1947
86603
23065
20761
78343
22763
7334
35312
45280
83833
84470
65918
95305
63990
33434
57879
15300
10878
28088
4937
55870
68612
3076
43721
8932
23548
55479
12048
18290
54817
27918
20237
57771
50983
57349
52465
90097
64682
87777
51729
48514
88598
33998
60171
52587
67431
34401
84239
94661
62488
5527
50530
47451
8602
94250
56382
32150
49729
84781
66791
20897
29051
87027
78667
96385
60727
31132
2833
41761
35260
54561
90274
23857
4910
66796
92796
88693
1196
93386
83353
63683
15264
33882
27485
23865
44484
218
72366
10564
84999
39157
31460
14049
42535
26478
10433
3262
73961
13265
45022
25572
84178
51647
65781
5439
18443
74928
94131
19638
68313
77483
99673
83576
27717
43509
23792
72200
43727
96158
99115
45077
51666
30574
59125
94200
73403
85909
97461
47364
15525
58834
89287
16054
10481
55067
21493
45275
29994
15623
81264
14658
9458
80936
98233
37174
40797
38377
25725
84523
50886
24839
45951
2551
71764
5075
96750
45166
7335
10563
8881
22859
85748
98168
38913
12580
69586
76757
57854
99580
92379
39118
14237
18188
36405
28822
55361
77201
83550
97437
78075
34435
22275
24025
36985
10390
45451
50086
71908
69137
77000
97140
91996
62748
95307
47260
91679
81245
40368
49533
80824
32746
5002
11412
67286
41406
56585
22646
34959
40134
36435
29385
74568
58709
69762
27904
85451
31564
77990
57358
701
71341
54497
9048
50440
66156
72659
42119
47400
13026
8003
44575
62123
13004
55986
29408
70761
28923
68406
22071
69056
4840
51456
59976
79900
37569
87879
65350
85484
82220
39059
86184
53561
93556
95231
20352
76063
84241
62470
39814
97266
86824
84388
59389
99827
56725
88796
70588
85647
73553
9010
71055
78392
76817
31030
58292
14385
18908
39993
99869
17480
79052
2404
87392
88959
13987
7743
65021
98227
86565
4834
95493
73388
5573
71233
73215
62297
76380
60154
64296
49933
69163
51702
28324
45980
82731
2967
76716
17990
42960
92936
35469
38363
95340
22860
27321
25678
46955
92341
23904
33519
13526
35748
6906
19098
23332
96472
97746
99712
72977
62041
65996
58492
13742
10671
4471
12824
13638
97538
30814
72949
90474
82634
11311
2165
21846
38631
44194
68800
47323
68097
2318
60848
20197
25575
79945
59880
38399
94042
75943
11375
56083
41938
86218
86176
52609
7040
15352
82598
4578
62517
55546
11403
45150
83208
29919
83347
21838
74112
52146
69160
58560
70815
46359
78756
12742
26303
54988
67492
20344
30930
78866
92778
72868
81436
95306
25476
88475
27009
24425
93052
89525
79970
20806
51026
63177
50724
34373
1366
24835
2870
86877
83395
73685
33235
78502
2778
75889
33489
70269
96232
64419
65486
5362
53638
46921
17019
95465
35396
44027
19889
44799
49903
16210
65605
928
79386
16328
51652
97103
57515
54522
83979
40909
44558
33565
19410
47335
9453
52899
33955
22036
33669
99440
43749
87306
62713
60767
82770
98108
21145
19010
59258
71047
35219
41214
71975
30956
73894
39978
28058
31408
94499
28388
72316
55408
61952
91725
2742
87756
60975
53048
9791
10995
52488
53540
98300
31552
30658
97421
29659
51803
16430
5268
22849
68000
46482
11175
98955
20375
51153
43364
51782
62003
88103
40449
17411
66406
48525
36504
54161
9500
89552
80304
36846
58391
33843
35146
89942
64500
48918
35952
32654
81700
41219
55503
49699
4052
83029
65006
40778
50533
8369
8911
12536
96472
49359
29946
62877
97884
82801
33390
23735
72352
13693
76932
47094
63887
12077
37035
44738
77347
89338
77392
75398
46909
49246
25096
50960
48626
90101
8090
99159
14822
17000
11694
27645
66359
57991
6873
80594
40791
40262
20680
29495
70306
97611
76588
34192
26040
29975
78930
19738
35664
72673
95135
82572
21918
36582
33532
70543
43035
41621
69701
57856
74972
97746
1852
57682
72088
8724
38275
12879
65338
75306
58725
35643
89269
51664
86187
31660
97990
81468
51397
33654
54140
46531
16225
92409
99464
66108
79303
42498
24080
65356
353
99052
79453
2204
56733
51541
27280
11360
80771
8969
3017
39495
44611
92285
7510
47149
23944
5500
28616
91692
39153
99107
54574
71729
7867
54038
37837
87170
96535
61916
52525
13240
77319
31977
31795
34052
99869
59074
61763
80639
68042
64779
20133
29005
73416
27643
92505
13711
49494
21121
5403
88646
36579
76328
76726
44446
30365
14562
47967
43252
92830
16843
56491
70148
65171
4637
20551
65040
63711
82313
45678
48104
63444
65811
93460
36859
9805
85965
50569
59298
23437
72323
64295
60015
48651
57372
20812
95367
71934
68778
38618
81115
85620
11460
67614
67143
16097
4517
32182
96159
86829
77859
60614
66624
60021
54074
3482
86177
40038
70403
61826
63474
42725
26120
39840
91375
99844
77004
86742
71777
62133
41711
69243
64105
53171
36856
31247
85619
41372
63428
81777
44553
41286
58742
11176
1307
12815
31010
87483
52852
1412
49309
32677
44136
91780
88869
51863
91623
65872
38604
79751
28004
80314
65345
92108
49836
2201
23354
35454
59924
86781
33582
20828
44419
92324
48356
62077
21490
79365
65911
74342
97128
31571
23370
57615
39703
12238
9477
47677
94461
64432
27428
22465
44746
9124
30924
10933
27676
70630
62739
87600
73762
12672
8427
18180
4995
73134
96608
42837
68850
62519
17178
65977
94089
56899
39944
33791
85489
49420
81468
79949
13852
25247
18765
74949
34370
49689
85881
62046
36670
64971
65997
10431
77643
90775
44963
98989
63909
41570
41825
32758
4088
75354
15087
14529
32253
55030
64671
17741
20801
46138
14041
51004
87736
32806
25952
38458
98846
28185
16855
35515
93155
82851
45945
87149
73625
90907
86138
53885
48829
27962
2995
69268
19668
34433
83796
51920
89462
48467
86012
26614
10956
52
77618
15044
32857
19921
53501
48054
64457
70355
83568
57612
53205
29513
61112
43181
36771
47249
13418
85599
91563
16412
54867
11230
50844
55014
79501
56657
19832
81864
83270
30788
81915
77239
45831
31124
97160
15683
79177
61616
86037
79097
35579
55593
8609
96691
15125
61731
60291
44894
63682
51853
61305
34900
79434
28500
89913
58934
85156
9745
40797
84778
56884
39064
62016
19066
86539
75527
51100
82067
37143
53488
61163
89073
9080
86123
85763
40556
47854
62406
85450
27887
14258
63106
62786
93692
91606
69050
68977
93113
78794
26126
94242
52029
81541
72610
87446
68079
48136
38545
66497
1630
92032
27660
90703
17463
30134
92817
74371
94339
55222
59820
22225
85832
22925
85010
95875
30882
54060
64851
40347
49205
7328
34588
17586
88868
23549
5031
73298
71685
59928
39795
89666
51959
83806
80368
69422
30291
89537
43792
24630
44758
19963
46854
30589
59239
48216
26463
6473
18627
7666
46819
67831
14993
97758
1768
20213
21307
6799
93510
9343
66726
49656
99008
35036
49813
79376
20809
80104
68912
80952
21085
30021
914
67938
76962
76505
32505
3424
82977
51131
27441
46147
18962
42434
43904
37081
62646
81562
43879
72507
90904
26956
22163
89912
78344
88327
85639
99152
68430
70902
80104
89514
922
97369
73804
77883
73873
6308
97659
56849
57439
25099
19347
92752
83884
63251
29832
62881
44812
90063
35388
52068
33370
73902
41979
11713
62228
43969
10865
30658
14870
90968
36523
32143
4688
26678
26378
78561
32986
40388
51761
6776
81838
71108
99527
65722
50710
45710
28602
95521
35772
80341
63940
69142
54242
22270
97206
16470
66238
8070
63479
81107
15389
16353
29602
20077
43031
55979
98637
76016
96366
66749
99143
78203
37856
15021
60276
88565
60730
5230
438
12854
85570
64377
98347
39812
86647
95552
72633
52884
3622
52463
50343
35362
68815
96296
55438
11845
52274
70426
4212
64991
37175
19706
59545
75030
34726
19821
79947
95456
25050
80384
8309
26971
61112
6655
66782
47758
18558
55766
16994
22179
8228
83688
57541
93395
79983
29330
5239
48608
99756
25803
13598
36930
45508
89494
28311
80234
9314
24609
92041
50715
4992
16701
77686
66104
39707
60819
30213
58264
16585
63558
96795
41164
47245
70687
34558
43579
16
56149
92186
16123
98303
22135
69404
60162
11629
14067
56747
37294
38675
48787
88009
43667
81839
65694
26122
21545
26512
72686
79809
59448
36244
92955
16964
99840
63641
51521
43419
80008
24021
51956
12483
22323
74091
81886
82485
2071
95952
39231
39364
34627
4370
27372
94645
86208
9417
37118
7753
52281
9803
3913
11728
62398
13219
45043
62238
93211
96564
5656
73218
36936
57611
85700
59259
48053
83938
58095
50123
79889
13677
89487
30867
18046
33210
41863
20606
42627
78980
44710
94907
5135
64974
22986
67532
78192
68029
46121
71402
80944
51776
60971
17879
25739
63023
93489
90143
46960
51583
40266
43200
65260
46104
74067
99657
95665
32281
20262
38291
27613
64971
49549
49099
29944
88887
16630
24487
73267
62751
95888
54210
30878
73211
88440
72968
36233
81929
79463
83192
49863
36080
26391
15122
82183
16809
31131
77847
65442
51392
32490
93054
32715
98390
42152
79010
87276
75133
3497
60542
54235
15736
31103
1465
88946
19543
90784
41530
17823
70246
24721
84037
6325
67464
15511
88507
624
46641
82706
66065
14384
31547
75470
47098
29936
33973
26108
17212
25458
45956
77753
79692
61691
25208
97508
66989
61102
88292
8518
78924
58537
49591
79312
64862
17054
94822
69720
34029
41462
52425
16446
55846
323
91915
19295
30259
42240
45402
63822
67697
7709
41574
63740
69400
83133
61248
52740
44234
49539
61257
39509
8075
10847
18821
72936
27900
13642
59008
78281
71456
27784
94726
27301
28107
2992
62947
58365
45231
24701
22186
12927
32409
80111
93019
1808
63244
54266
54547
23829
3804
32156
63338
28230
43002
82158
17518
87254
12151
76525
65534
83606
4308
76611
27258
32414
79602
90205
7130
24833
14905
45667
54111
47313
42130
47129
65473
21725
17746
36371
45553
37901
68526
8890
66131
27880
7399
83648
15133
19550
60172
97018
19507
80831
73628
46765
29597
53229
53321
36726
94413
84577
98745
64876
31889
40874
28356
13713
62598
46102
66436
8150
84002
34961
33392
50132
79192
57142
50131
10676
93043
26654
7693
12550
7485
97672
75666
53433
67253
45338
90158
78017
29914
5254
42892
78154
46127
71248
91867
8724
33701
58302
33226
17702
9614
82969
84186
88806
40110
34316
15833
33153
77322
23526
62054
1158
37549
37719
54590
21153
99408
61099
99170
29321
66353
42061
7474
12479
29660
15692
37555
63360
90345
70780
97414
99959
70100
97951
5116
10209
48618
20948
43361
25939
60825
21766
27096
14726
75836
81685
35878
75243
59136
35047
4563
25488
93460
28389
37966
39471
60432
91872
19183
50777
79003
16596
67087
49102
14546
88554
59311
79515
25853
19023
5454
3030
40789
48901
17755
32976
46938
53632
8219
6073
88679
29133
31560
98490
73873
85877
37960
34305
77749
57142
1433
56751
90089
68519
22205
20986
73424
81515
501
99276
16889
22306
2305
74029
71206
20059
7005
18143
90043
15223
40567
95073
60707
72126
93562
34580
74355
31521
85236
68455
5015
86668
25205
95103
55186
63761
16089
28609
45275
16589
44236
78516
38894
46541
52544
26451
82951
59548
60946
72993
91122
1512
68065
51829
89990
77978
2760
64344
25851
87995
49150
30865
74662
74354
25967
46199
54467
58407
91159
99741
91347
35394
94608
46592
98286
47152
73043
97589
23051
50340
70581
30525
51851
54998
98705
58192
32975
1464
38887
58825
5810
88036
6041
80471
78742
32008
43021
33208
6766
50531
49300
98113
2276
43908
44704
562
91059
34098
14502
30461
84437
1434
60985
52640
56431
59689
10831
5758
77504
49718
80934
83313
37753
86975
80135
32846
35334
23155
66053
58451
73685
15353
56563
92313
59260
17619
92874
66670
51716
23727
13482
36153
25160
74467
5144
81591
50507
15974
3700
28011
65691
985
11323
19796
87959
91458
52641
39644
30964
18694
98095
21001
50398
71009
13313
26009
88627
22538
92678
56695
46264
6159
9199
71423
96977
14342
69365
47484
30315
73064
75494
12358
74049
3168
32153
78359
94625
1145
34355
41941
36190
48801
62941
86587
19809
76253
28947
24788
15142
21624
81482
61405
44135
90680
32827
57463
21373
2192
4946
51687
91607
96791
64044
82007
99959
12548
60366
10935
30045
11072
52875
66234
59872
32167
69173
96032
24771
98119
20819
39912
36095
18652
1316
96581
25683
34143
54043
47055
52686
58989
15094
60644
72131
79137
42651
72089
8037
19368
83024
54433
30439
52250
37018
6662
84417
6190
19045
9187
20661
56216
49099
73107
74867
50414
69687
16902
908
23729
63956
69945
99069
79049
46941
71200
74538
89591
59640
98926
25310
59015
53358
55748
11265
90375
78761
12033
12917
97805
21219
33577
54020
86669
23035
45239
53435
92721
62140
70694
32801
42447
56991
48222
21496
3931
35773
12385
93521
95412
11310
18830
54427
64667
90929
82043
71393
86041
94075
84309
197
31645
34237
54217
18314
57271
15807
88100
66343
77946
58793
15496
36744
15783
63717
58239
19713
99489
70623
29585
11252
98284
64766
65678
79302
72046
47720
50695
58086
58146
35003
58283
89791
85592
28851
8104
42862
44657
96203
9205
38954
71347
41052
75697
87130
4768
50288
23194
20608
37262
52779
31859
51898
33896
13889
31199
5942
77960
81893
64027
36106
33248
38661
25896
18839
83863
50351
78052
44871
46553
3608
83824
17899
44659
75873
21380
65778
42512
60926
86385
96125
13704
34596
48022
63951
48484
79221
69892
26443
77465
50271
78900
27064
88931
4795
62254
72794
55145
40306
34016
18049
60265
17840
52300
4924
10064
73679
87053
68927
34604
73438
65051
64659
8033
13073
28610
72868
92293
14853
99310
86109
65123
94562
13173
70406
99356
75426
59551
54501
15731
93566
88901
92348
27757
41200
97271
54172
31231
675
23098
65834
74112
88149
46845
98496
1221
91806
71363
9865
6658
87025
95973
88133
81586
9145
58538
97293
923
34440
68145
33005
28005
57046
25352
55762
14597
38974
9933
45827
39649
49383
28013
13760
37531
74857
28608
55103
83014
16322
64967
6023
3346
77291
94155
1283
2788
69044
14928
3710
3483
83072
36714
47840
40117
78418
19953
54714
17391
46237
16892
57039
95619
44904
87151
33149
36112
15758
4603
19125
32079
85921
25148
51777
63212
35654
69411
82351
21050
84338
2412
40884
67410
55477
88723
23878
33894
8675
94943
51285
54912
11835
8323
66882
56738
95473
16383
92850
27582
20985
28326
76013
6906
69825
44141
86469
21831
13551
85171
42880
14241
87582
83763
81650
59410
88838
21879
93304
97512
33174
44588
68775
45008
69262
52009
18097
81087
68391
27298
8668
5727
55624
1032
28984
41800
45172
31804
63630
58723
16974
22861
89315
20907
6624
87316
80317
95461
9194
89972
9324
42367
34559
94451
3726
20172
46459
21823
17610
31201
49120
42630
36927
21095
43661
65911
62895
88833
97714
42876
63907
31040
65737
53221
51946
88712
40536
48614
524
66081
38585
26199
24800
89495
37001
28525
9667
99811
50347
27276
31011
15819
86257
84290
36913
29918
66552
16159
35102
80617
75387
99008
11656
57475
68580
79954
46186
9115
28567
63061
91547
67152
5611
16346
56646
42612
44871
82664
42422
11569
26292
89785
27387
12548
74074
80652
58817
56977
13162
93918
37593
88548
9277
49249
46022
77856
45554
8559
3322
74120
87971
94869
57623
93582
11214
30621
52545
72436
13284
94966
84005
55927
1102
27743
84827
75175
8394
43643
48503
21556
53913
86096
26455
63189
51696
88829
41045
97249
13739
44366
71368
1710
55586
28991
11643
66800
59611
64187
55587
89246
75504
55943
61525
76606
83686
46351
68132
92079
6345
16635
29986
60257
2730
72793
23446
70777
61621
64490
68025
75359
25207
55744
93420
80793
84734
21414
63944
60696
1952
35882
66294
77456
91825
27818
70413
75510
74168
54896
83940
96864
71530
13926
57121
90611
86718
96918
77739
64690
77759
45763
56400
2965
1507
66172
109
2592
87585
80404
63288
5889
16286
29581
99696
8110
57398
86460
83619
47917
41355
67558
44780
29237
97835
18252
19847
904
15169
13938
65593
92927
59700
38345
95892
61206
4516
12352
80150
8452
92756
43437
30692
9041
89369
30387
33502
46766
16846
33472
11034
58201
17381
55813
87437
15216
74065
23635
32471
5585
37572
14416
98512
13624
52760
10755
91181
73627
23106
71330
98430
15861
14766
29122
41253
20486
75860
91106
83603
9058
24577
94636
67258
41958
66801
71046
73525
57217
11032
22347
62801
64956
36762
61312
94931
5873
72066
86111
95851
11524
57441
10633
43736
88558
56106
84989
9044
31965
92446
92646
41022
17023
3634
24631
75332
70434
12028
65208
44002
39412
3906
6802
4367
57020
84466
15649
79244
72883
1759
75095
84406
75551
85727
28142
64109
58184
29482
89504
90148
38279
82149
31170
55301
2134
72152
46984
72567
84180
28543
32920
23591
32449
56074
44309
89468
40539
59957
68711
29773
61715
60157
14179
53618
62235
58672
17726
20418
4505
7229
26918
42783
5729
74439
14436
7863
46590
77771
96781
30769
6314
46053
70711
55114
2126
31371
60933
42664
91327
29643
72436
69394
6152
2966
23011
84738
61637
57088
5156
82493
80668
32073
25276
2748
6511
39711
26962
69452
17481
40095
221
40146
86147
87283
95259
88272
18654
56191
30935
26332
2186
19722
95725
24689
39040
35087
9426
17028
92174
14581
99521
89193
63005
24796
91941
85867
80858
18902
55319
14690
58996
71891
54836
45142
59173
66446
49765
94178
38989
97051
20510
57526
16773
32586
82214
55812
67673
91639
89191
76198
22572
88711
65391
85576
29858
57331
87795
10715
92584
43113
41757
51580
15003
12944
13073
90527
95741
62838
1057
34729
59888
21566
92254
93012
54151
90819
65175
38175
82458
54366
14373
5029
43076
79763
6956
72934
53445
94750
100000
46028
54214
58108
13959
69216
71051
43384
76095
66792
6221
77151
17872
82460
15068
10126
75472
85570
944
56998
23745
99753
11363
54469
21133
70791
50583
28089
43724
4027
39190
60075
66406
93404
18183
80365
78971
5585
23748
71417
72376
46320
64919
90248
45131
79986
16725
20602
81908
34020
77600
22004
33773
5314
92824
71257
76104
43406
99345
36179
63784
54887
12606
46541
48290
47140
26905
43612
52724
67004
15029
41452
29675
79947
31699
74806
76285
64775
11759
74544
15146
5710
96547
48918
11024
89370
36527
3479
49127
35871
39658
12910
7109
68615
59450
55398
15754
2707
15362
68477
86062
30390
9928
32089
26688
57978
23246
19324
22752
35004
93867
37898
57066
6765
3167
84441
12486
56045
87919
61612
91916
43928
90873
15376
12542
66675
87126
28295
85733
2487
13124
71794
49228
39403
20234
75915
97381
43479
11591
36484
78483
5457
90733
35548
28574
10252
19988
41059
66296
24258
19023
74563
68186
9895
89939
97079
76569
77064
41726
78653
95902
71201
50447
45129
10603
70680
37395
7983
30511
48985
60819
8993
70794
67903
60892
15719
78154
97231
56777
60802
37840
92151
35364
22377
2046
41654
19456
94966
35069
77533
73619
30970
48733
40417
76098
59335
27448
29845
83670
57958
95181
60840
83302
82326
28742
60545
98044
23248
74127
71173
84049
11967
63323
35764
34343
81720
77418
53798
76686
12486
47682
66656
59808
96414
23424
52257
72101
50871
82101
72122
25181
77282
32961
24834
59607
78054
85379
74003
1301
59505
45175
1701
87823
8497
37465
22166
90217
14882
92315
83254
43719
39997
49909
3526
52762
89684
55783
24862
56906
54235
13335
98438
47868
46295
23272
7475
40701
25002
97829
42001
858
43003
43702
88681
51499
97518
10846
58067
12399
3160
41320
72469
59508
7580
75995
12270
97263
48129
53483
54169
2363
66818
52606
50231
29464
92229
74057
70164
17230
71885
28517
18088
14887
88570
23120
82737
86087
33965
40804
14837
53476
82123
87305
12984
89703
63299
41605
3317
27779
95087
73837
30142
78256
42795
96724
7720
35023
70780
77883
68605
42664
22751
3044
73902
11320
26163
56638
13758
60127
13793
28594
29954
95916
15899
59289
1970
95549
17245
21638
23328
12332
95475
69821
90587
54621
66544
14658
5995
53675
8893
74599
12690
31643
77642
86591
59315
3804
59580
73072
80282
73373
18018
26588
85640
33916
85876
3961
45816
3121
25598
85495
31804
37424
55315
38742
92044
38210
53400
98039
91884
78644
88989
4573
10286
66631
7515
85952
86786
83447
75376
83420
73171
93393
10007
58810
27308
12234
79122
89475
31706
4719
74970
63509
58495
46636
18603
66890
1198
88354
64928
93081
66997
53917
14006
93634
36899
37872
95938
40036
21318
71313
23455
94488
64705
49813
69649
8364
62047
48770
97838
93752
69841
89159
73613
44687
35795
92215
11576
53344
96920
76504
46424
63916
46772
76781
73901
22
31005
69838
40057
52322
41150
79864
63162
5854
29676
49162
14217
91722
14284
28407
1826
476
17565
75438
45162
69711
84004
56737
23054
80923
49592
85830
61190
12715
62610
51442
12736
93614
37632
69145
62288
78781
49008
41801
987
78683
90962
31555
70405
5245
59961
88582
5720
93878
64019
50881
63588
64374
23970
86642
61648
73561
72471
39189
86276
51432
90630
15363
61398
28261
84507
40037
23394
33514
81837
24380
12197
72798
72286
98953
94395
48599
87534
16466
42476
67904
83699
6063
48629
7668
9056
10276
81228
81526
65816
83855
49310
56445
99218
10707
1058
83724
67095
24451
33590
48931
65182
45786
38080
53819
61090
32474
2417
64975
65292
44892
49230
48990
67307
97858
56657
76362
24485
54236
74240
90300
38091
23549
63096
53660
50607
80505
53735
17701
4955
87324
66631
86488
49461
21062
40307
26902
69888
59075
91876
35179
3967
57457
84168
71273
71666
40824
47634
12502
11411
21873
19153
49501
61773
82249
19512
12379
62753
73247
46431
84060
76922
29413
86899
26383
50475
43557
69636
20362
2632
77864
55540
6598
35320
39707
94222
23338
96882
58207
35839
8292
96432
54992
74145
58204
53592
93656
86935
32696
83254
33365
33107
60176
62778
20006
2910
13252
79914
88897
49965
82545
66760
5504
5494
2080
61562
99715
41769
58443
57922
77607
83086
54353
48950
57230
28908
18893
67238
15842
51589
50491
49207
1047
27018
28336
37404
46279
57939
17318
35176
7903
99862
1935
13406
5356
20366
91319
21422
62134
49761
79343
56093
32846
50047
21394
6428
78955
40287
73665
11148
8227
40507
76706
9273
67525
5041
46677
30155
79331
63994
65330
87233
63855
83617
16990
85562
20334
8308
6984
82468
74420
2678
54912
23618
52725
76305
30045
48031
16591
20061
59178
24817
60567
52236
34090
44443
73628
80766
74598
52959
61111
39927
40191
24965
39895
73533
26879
60229
98192
33862
59048
72612
36539
13959
96229
5615
90263
42625
69997
23206
62685
45527
48022
39603
97762
98463
84046
71389
95580
58643
24347
56690
14921
80890
98007
54816
54422
41237
15044
52613
75098
74091
41576
27988
4401
54156
49955
11015
13132
19951
34220
75816
65477
98594
15419
63238
97056
15816
34627
8988
74458
75325
82029
89378
72566
80035
60545
26987
37623
91940
95952
12720
66030
53879
57060
86782
8035
7014
97797
21166
26964
32016
13334
8793
30609
45104
72030
44017
60919
23008
53004
35376
14685
35032
41105
87250
31419
1650
30589
69041
93589
42892
98113
75971
96770
71524
62752
4804
78537
76900
42322
21852
8916
55655
46996
55876
758
35378
16244
61676
58385
69247
13403
89421
20631
54507
76671
68401
72508
23611
53793
66097
66502
68257
58419
63271
39780
21170
68075
34668
98070
26748
56520
23337
82402
3515
95564
99511
55244
11808
77538
13629
97406
90940
19401
34388
61798
12423
2788
34306
36033
72933
16754
2534
41189
75172
65805
97321
12693
50231
31988
27114
76978
4859
50450
75731
24726
46014
75241
79969
74173
69130
9949
71578
76421
29350
5966
38218
41772
25105
88875
77805
98037
21980
96690
55578
97151
78846
52898
26196
29076
84885
53309
22405
89744
20111
98135
14469
82476
89727
94437
56648
58856
4386
28225
35276
50087
50542
89846
91858
75647
95072
86014
90035
17052
82704
45612
14202
61549
14861
56749
6977
16098
10058
29381
5841
30168
43868
36661
28995
49946
47449
85642
25154
68186
30218
76781
18272
80760
82978
26482
72758
78050
28847
62792
95101
11550
24756
25654
89451
55968
82403
96427
72065
92460
42159
77905
38979
2378
30917
67973
68676
94718
69966
10181
62903
183
86961
97527
97294
69939
40360
70051
64340
69206
49195
59440
80756
73950
1445
86558
46269
83847
99336
18334
92658
41494
12590
47988
60224
43507
32312
45251
54576
2277
55431
33830
2460
58743
31356
16105
28681
88067
86156
93020
57273
51702
68811
54380
42003
70256
40937
88271
70454
40272
6604
63112
98117
19194
27451
74692
79052
59763
19942
33627
62039
91724
