11
28
39
39
41
45
48
49
63
71
92
102
105
106
108
114
115
116
130
131
132
151
156
179
193
199
201
201
227
230
231
265
271
275
277
278
285
302
313
335
349
350
350
373
388
394
394
397
398
405
423
430
431
451
454
456
466
470
484
497
513
518
525
594
602
622
625
632
636
644
666
695
695
698
707
712
716
727
730
738
754
764
764
778
799
822
836
842
847
877
898
920
923
928
937
942
949
950
950
979
982
990
1000
1011
1021
1021
1029
1030
1033
1047
1075
1077
1078
1078
1094
1118
1141
1143
1148
1149
1150
1152
1156
1160
1177
1183
1207
1208
1213
1213
1229
1236
1246
1251
1251
1260
1264
1297
1307
1311
1317
1337
1347
1357
1368
1376
1379
1399
1407
1409
1413
1421
1429
1441
1450
1451
1462
1474
1479
1494
1510
1513
1552
1562
1562
1577
1585
1590
1608
1614
1614
1615
1623
1623
1625
1627
1630
1643
1647
1671
1678
1679
1692
1706
1707
1710
1728
1730
1744
1754
1754
1764
1772
1791
1841
1855
1880
1887
1906
1914
1914
1934
1956
1967
1971
1987
1998
2009
2015
2018
2053
2055
2062
2082
2085
2086
2091
2107
2108
2126
2128
2135
2138
2141
2146
2163
2173
2176
2177
2205
2212
2228
2228
2231
2244
2244
2258
2260
2271
2277
2285
2297
2305
2333
2350
2353
2363
2373
2373
2381
2406
2410
2414
2425
2453
2464
2466
2472
2488
2498
2504
2506
2514
2528
2534
2563
2583
2591
2594
2626
2629
2632
2648
2687
2698
2700
2703
2710
2725
2748
2749
2766
2770
2776
2796
2802
2808
2812
2817
2830
2832
2844
2860
2864
2870
2874
2877
2880
2901
2903
2924
2934
2935
2949
2972
2982
2999
3012
3021
3026
3034
3039
3043
3057
3069
3089
3099
3099
3102
3112
3115
3134
3144
3175
3192
3197
3202
3206
3212
3225
3227
3234
3239
3241
3254
3255
3281
3283
3287
3295
3301
3305
3307
3326
3329
3338
3365
3369
3379
3384
3388
3391
3393
3407
3415
3420
3420
3423
3444
3453
3463
3466
3504
3514
3520
3540
3557
3560
3570
3570
3573
3601
3613
3617
3639
3648
3648
3654
3655
3670
3677
3685
3687
3695
3699
3713
3723
3730
3767
3770
3774
3778
3800
3801
3803
3808
3813
3827
3830
3832
3845
3849
3855
3872
3875
3883
3889
3891
3892
3906
3929
3931
3961
3967
3973
3987
3990
4018
4020
4027
4033
4055
4066
4083
4092
4102
4107
4118
4123
4140
4151
4159
4167
4193
4193
4198
4204
4208
4211
4219
4223
4229
4231
4235
4242
4247
4266
4270
4291
4312
4315
4319
4328
4330
4353
4360
4368
4370
4371
4376
4379
4398
4398
4404
4405
4423
4455
4455
4458
4468
4469
4481
4494
4527
4529
4542
4546
4575
4613
4616
4616
4617
4664
4709
4726
4749
4759
4766
4771
4774
4785
4817
4817
4823
4836
4842
4846
4881
4892
4910
4939
4971
4977
4983
4988
4996
5008
5008
5009
5017
5028
5043
5059
5059
5073
5080
5081
5090
5090
5100
5102
5142
5158
5173
5182
5187
5193
5197
5216
5247
5251
5252
5273
5291
5295
5298
5300
5301
5308
5315
5324
5331
5361
5362
5387
5390
5413
5429
5479
5485
5487
5489
5514
5517
5520
5537
5571
5577
5583
5586
5586
5589
5594
5595
5595
5599
5614
5616
5625
5628
5659
5662
5717
5744
5761
5774
5781
5787
5823
5832
5833
5837
5841
5857
5860
5882
5910
5939
5941
5945
5945
5948
5950
5966
5972
5979
5980
5986
5991
5991
5992
5996
6009
6045
6048
6051
6090
6102
6107
6111
6125
6136
6136
6142
6154
6182
6199
6218
6220
6223
6231
6248
6252
6268
6280
6282
6300
6307
6308
6312
6324
6332
6340
6340
6349
6384
6386
6392
6399
6404
6404
6415
6419
6429
6429
6440
6447
6460
6470
6480
6486
6493
6499
6504
6540
6542
6556
6557
6569
6581
6589
6589
6600
6614
6625
6632
6633
6635
6640
6664
6675
6686
6688
6689
6694
6695
6704
6715
6717
6724
6726
6732
6736
6739
6742
6746
6762
6775
6775
6803
6804
6806
6809
6811
6825
6828
6839
6844
6844
6861
6885
6889
6891
6897
6901
6903
6907
6915
6930
6931
6935
6940
6948
6965
6972
7000
7005
7026
7028
7034
7046
7050
7053
7057
7058
7062
7075
7092
7100
7111
7127
7132
7137
7143
7143
7145
7160
7188
7191
7210
7233
7245
7254
7256
7261
7276
7278
7287
7289
7301
7315
7353
7357
7368
7371
7384
7391
7392
7404
7421
7435
7439
7444
7457
7464
7467
7479
7494
7507
7514
7516
7518
7522
7527
7529
7536
7536
7542
7559
7565
7567
7571
7588
7596
7603
7614
7643
7688
7694
7715
7730
7736
7738
7773
7774
7779
7788
7801
7806
7813
7833
7871
7873
7891
7895
7904
7908
7923
7936
7943
7946
7946
7951
7970
7982
7988
8000
8011
8020
8024
8029
8035
8040
8047
8049
8065
8065
8068
8077
8091
8096
8105
8106
8112
8147
8150
8165
8166
8174
8197
8200
8202
8205
8212
8213
8233
8239
8261
8265
8304
8304
8319
8338
8340
8364
8373
8399
8416
8422
8433
8436
8449
8450
8458
8472
8482
8494
8499
8509
8512
8516
8531
8541
8544
8572
8580
8581
8588
8591
8597
8607
8608
8622
8625
8629
8657
8669
8680
8696
8710
8719
8744
8765
8765
8777
8789
8799
8800
8800
8809
8829
8844
8869
8879
8885
8887
8888
8888
8891
8904
8907
8908
8911
8923
8926
8930
8937
8976
8992
8998
9000
9016
9020
9030
9036
9038
9047
9097
9104
9104
9124
9128
9148
9155
9160
9165
9167
9168
9181
9191
9199
9199
9218
9244
9245
9247
9251
9261
9270
9292
9304
9318
9320
9349
9364
9372
9385
9396
9404
9412
9414
9421
9430
9433
9434
9491
9513
9544
9548
9550
9553
9554
9556
9580
9591
9594
9603
9604
9614
9616
9640
9651
9651
9663
9664
9669
9691
9693
9729
9753
9791
9795
9797
9810
9817
9819
9829
9841
9849
9852
9869
9870
9886
9891
9892
9900
9917
9923
9933
9954
9956
9964
9985
9993
10000
10000
10001
10005
10007
10014
10016
10026
10029
10031
10046
10056
10064
10084
10097
10112
10123
10171
10172
10191
10203
10216
10219
10235
10242
10244
10247
10257
10262
10274
10275
10276
10292
10302
10320
10331
10336
10344
10349
10350
10356
10365
10366
10371
10392
10403
10410
10419
10419
10420
10442
10443
10449
10450
10473
10491
10491
10492
10495
10501
10507
10521
10527
10527
10535
10536
10537
10543
10548
10571
10573
10604
10611
10638
10648
10660
10662
10663
10674
10682
10700
10702
10708
10711
10734
10762
10765
10769
10818
10819
10821
10827
10833
10833
10864
10869
10880
10880
10892
10909
10943
10973
10979
10987
10997
10997
11015
11024
11040
11055
11060
11073
11073
11082
11084
11086
11114
11115
11118
11122
11132
11134
11145
11152
11156
11162
11163
11165
11174
11177
11178
11190
11198
11200
11215
11218
11219
11240
11248
11249
11250
11253
11267
11277
11288
11299
11307
11311
11315
11330
11332
11343
11362
11371
11381
11384
11393
11396
11401
11406
11418
11422
11427
11434
11457
11465
11471
11501
11505
11513
11514
11522
11537
11546
11556
11560
11562
11564
11588
11589
11646
11656
11669
11670
11675
11678
11681
11685
11696
11698
11709
11722
11748
11760
11762
11771
11772
11797
11808
11809
11810
11821
11832
11834
11842
11849
11858
11863
11869
11890
11912
11921
11929
11930
11931
11931
11955
11975
11996
11998
12005
12009
12027
12044
12051
12051
12054
12064
12071
12080
12084
12085
12113
12122
12127
12128
12129
12143
12168
12172
12179
12193
12198
12219
12228
12241
12252
12266
12274
12279
12300
12322
12325
12326
12327
12334
12343
12348
12360
12373
12410
12413
12413
12415
12420
12434
12446
12447
12458
12476
12498
12503
12503
12519
12520
12521
12525
12534
12548
12554
12574
12586
12589
12602
12610
12628
12639
12655
12677
12677
12679
12680
12680
12681
12682
12686
12727
12759
12767
12797
12797
12819
12820
12840
12846
12849
12891
12898
12916
12927
12943
12957
12969
12969
12969
12970
12979
12983
12990
12993
13013
13014
13020
13039
13041
13042
13044
13045
13049
13063
13071
13094
13105
13116
13119
13126
13128
13136
13137
13145
13148
13151
13167
13168
13175
13178
13179
13182
13197
13197
13205
13213
13223
13224
13244
13267
13272
13272
13284
13290
13293
13302
13306
13317
13324
13328
13345
13359
13368
13376
13379
13423
13448
13452
13460
13502
13513
13520
13527
13530
13540
13561
13570
13578
13593
13599
13600
13617
13620
13637
13638
13649
13650
13651
13679
13686
13697
13704
13704
13711
13728
13729
13736
13740
13746
13748
13751
13778
13779
13784
13786
13788
13796
13799
13809
13813
13823
13824
13831
13841
13846
13855
13855
13869
13873
13895
13899
13908
13911
13914
13917
13919
13933
13937
13947
13951
13952
13963
13966
13969
13971
13977
13988
13990
13990
13995
14001
14002
14026
14035
14037
14050
14065
14081
14100
14105
14111
14128
14133
14140
14160
14167
14167
14168
14192
14221
14232
14287
14297
14327
14333
14370
14376
14392
14401
14406
14410
14418
14428
14442
14444
14444
14485
14486
14487
14503
14554
14555
14558
14560
14571
14578
14610
14614
14635
14638
14645
14664
14704
14710
14726
14742
14746
14755
14756
14757
14763
14765
14768
14769
14781
14791
14792
14812
14826
14833
14838
14839
14848
14855
14864
14871
14892
14893
14912
14914
14921
14925
14947
14947
14952
14955
14979
14993
14998
15006
15018
15038
15042
15054
15056
15077
15079
15096
15103
15103
15105
15121
15126
15144
15149
15152
15179
15186
15189
15199
15221
15240
15245
15250
15265
15275
15275
15287
15301
15318
15321
15335
15368
15379
15408
15466
15480
15488
15489
15493
15498
15511
15513
15521
15527
15529
15536
15559
15562
15563
15580
15580
15596
15618
15624
15635
15637
15647
15675
15678
15701
15701
15707
15718
15734
15755
15773
15779
15779
15822
15827
15833
15849
15851
15854
15856
15865
15866
15870
15878
15881
15888
15900
15901
15915
15925
15930
15931
15954
15961
15961
15963
15965
15976
15996
16003
16014
16053
16055
16055
16075
16102
16112
16124
16127
16133
16159
16160
16179
16179
16185
16186
16197
16200
16209
16224
16226
16232
16241
16250
16255
16258
16264
16304
16304
16317
16317
16318
16318
16322
16345
16374
16376
16377
16380
16395
16448
16463
16463
16464
16489
16503
16509
16520
16524
16536
16537
16571
16576
16586
16593
16593
16611
16623
16641
16643
16649
16651
16693
16740
16758
16772
16773
16792
16794
16800
16805
16819
16832
16836
16840
16841
16862
16864
16878
16881
16889
16912
16938
16939
16959
16964
16974
16990
16996
17001
17006
17008
17010
17018
17023
17025
17035
17042
17044
17056
17060
17069
17071
17079
17084
17090
17110
17123
17143
17144
17147
17150
17171
17174
17179
17181
17181
17185
17189
17205
17221
17226
17241
17245
17248
17256
17263
17265
17267
17272
17282
17284
17302
17314
17325
17344
17345
17352
17355
17361
17368
17375
17397
17406
17412
17415
17421
17429
17446
17496
17511
17513
17523
17528
17548
17553
17562
17581
17585
17620
17626
17626
17627
17636
17670
17676
17679
17695
17701
17702
17708
17721
17759
17764
17770
17787
17811
17812
17818
17868
17909
17917
17964
17966
17976
17982
17986
17998
18005
18008
18008
18012
18032
18036
18048
18058
18060
18062
18067
18074
18074
18092
18108
18113
18129
18131
18131
18143
18171
18178
18181
18186
18193
18194
18201
18202
18227
18230
18248
18287
18304
18304
18318
18327
18338
18375
18377
18382
18384
18390
18396
18399
18401
18406
18450
18452
18456
18476
18486
18495
18495
18513
18527
18539
18544
18551
18576
18583
18593
18595
18605
18605
18622
18652
18656
18657
18664
18669
18670
18688
18698
18711
18713
18715
18718
18733
18739
18753
18771
18782
18792
18795
18799
18821
18824
18826
18828
18835
18860
18864
18866
18876
18889
18907
18929
18933
18947
18963
18976
18979
18997
18998
18999
19011
19014
19016
19016
19016
19029
19030
19031
19035
19063
19064
19077
19088
19110
19119
19120
19127
19144
19144
19149
19155
19164
19166
19174
19184
19195
19209
19215
19215
19223
19233
19241
19245
19272
19277
19282
19300
19315
19321
19322
19328
19331
19363
19371
19437
19478
19485
19531
19532
19538
19552
19578
19588
19602
19607
19611
19617
19621
19623
19633
19643
19653
19655
19662
19677
19682
19704
19707
19708
19713
19718
19738
19762
19764
19792
19799
19801
19804
19809
19847
19858
19863
19873
19901
19905
19918
19928
19931
19939
19940
19946
19965
19980
19997
20006
20021
20026
20038
20068
20079
20101
20108
20119
20120
20134
20137
20137
20141
20144
20148
20156
20159
20160
20168
20178
20180
20182
20183
20192
20206
20207
20209
20216
20223
20228
20241
20266
20288
20311
20341
20342
20380
20402
20409
20430
20439
20447
20482
20488
20492
20500
20502
20511
20541
20546
20579
20638
20649
20653
20658
20659
20667
20669
20719
20723
20732
20732
20757
20767
20792
20806
20810
20814
20824
20825
20843
20870
20892
20898
20920
20929
20931
20946
21000
21001
21003
21007
21009
21049
21054
21069
21077
21097
21107
21108
21127
21137
21138
21140
21168
21174
21211
21215
21216
21226
21231
21231
21240
21243
21263
21269
21271
21272
21290
21316
21320
21328
21329
21334
21393
21401
21402
21411
21447
21465
21473
21488
21508
21510
21525
21527
21531
21533
21543
21548
21603
21616
21642
21659
21663
21666
21690
21692
21708
21730
21732
21789
21797
21868
21884
21891
21904
21911
21923
21936
21950
21961
21965
21972
21994
22005
22005
22029
22048
22058
22062
22064
22072
22073
22083
22084
22094
22104
22142
22143
22153
22163
22172
22177
22180
22204
22209
22211
22221
22243
22254
22257
22264
22271
22276
22310
22312
22313
22335
22363
22391
22418
22419
22444
22452
22464
22483
22493
22500
22502
22515
22515
22519
22519
22540
22541
22541
22565
22577
22590
22606
22610
22616
22633
22638
22651
22651
22653
22658
22668
22680
22683
22695
22703
22729
22731
22733
22737
22756
22757
22762
22769
22788
22805
22806
22818
22824
22839
22850
22868
22872
22888
22897
22902
22907
22915
22916
22923
22959
22959
22973
22976
22983
23000
23007
23011
23017
23018
23021
23025
23043
23050
23057
23061
23085
23088
23095
23097
23103
23117
23124
23135
23135
23138
23143
23161
23170
23182
23186
23199
23202
23203
23218
23218
23223
23239
23244
23246
23259
23260
23269
23277
23281
23327
23331
23351
23378
23380
23406
23408
23408
23411
23418
23440
23456
23464
23473
23477
23480
23482
23493
23513
23534
23535
23538
23542
23554
23558
23562
23565
23573
23582
23623
23640
23646
23653
23665
23668
23730
23747
23764
23771
23780
23784
23797
23802
23829
23840
23841
23846
23847
23848
23864
23870
23876
23882
23926
23928
23936
23946
23949
23968
23973
23974
23976
23977
23986
23996
23997
24007
24021
24027
24038
24043
24045
24052
24064
24084
24092
24096
24098
24099
24110
24144
24148
24151
24156
24176
24189
24198
24211
24223
24232
24236
24237
24243
24251
24260
24265
24266
24296
24313
24318
24344
24346
24347
24362
24363
24409
24417
24429
24435
24437
24439
24444
24445
24468
24485
24486
24507
24508
24509
24530
24544
24548
24549
24561
24571
24575
24577
24585
24585
24592
24603
24613
24629
24655
24664
24666
24670
24673
24674
24680
24685
24686
24688
24721
24723
24724
24764
24771
24792
24810
24815
24834
24848
24883
24884
24909
24933
24944
24949
24964
24985
25005
25006
25021
25025
25037
25038
25047
25053
25063
25070
25090
25105
25119
25135
25139
25144
25150
25158
25160
25177
25194
25196
25218
25259
25260
25298
25301
25311
25319
25321
25353
25363
25369
25370
25383
25383
25398
25401
25407
25410
25418
25439
25470
25481
25484
25485
25491
25501
25521
25547
25558
25598
25599
25609
25638
25642
25662
25666
25676
25677
25687
25693
25701
25705
25709
25709
25710
25719
25721
25733
25749
25752
25755
25757
25760
25763
25771
25790
25802
25805
25814
25829
25834
25848
25849
25869
25872
25873
25875
25909
25928
25930
25934
25968
25969
25979
25983
25996
26006
26007
26010
26027
26042
26049
26054
26097
26102
26107
26112
26135
26143
26148
26155
26161
26162
26163
26175
26183
26193
26194
26196
26196
26197
26198
26202
26236
26238
26255
26265
26270
26277
26286
26305
26316
26319
26321
26324
26340
26348
26350
26358
26368
26373
26384
26386
26398
26410
26420
26428
26430
26434
26436
26437
26440
26452
26452
26466
26469
26469
26473
26483
26488
26491
26495
26500
26504
26510
26512
26523
26541
26542
26545
26550
26551
26579
26591
26611
26617
26621
26658
26663
26675
26676
26677
26686
26730
26745
26747
26756
26756
26758
26770
26775
26777
26788
26788
26806
26815
26820
26821
26823
26835
26836
26893
26895
26897
26926
26941
26949
26956
26956
26960
26964
26968
26974
26986
26989
26991
26994
26996
27002
27012
27013
27025
27041
27045
27061
27079
27092
27095
27098
27120
27131
27133
27143
27149
27162
27165
27174
27183
27200
27207
27246
27250
27264
27276
27289
27289
27291
27328
27337
27339
27358
27361
27363
27369
27374
27382
27389
27394
27403
27405
27409
27412
27429
27430
27449
27474
27506
27506
27509
27527
27529
27535
27539
27557
27560
27566
27568
27574
27575
27578
27598
27609
27645
27662
27673
27674
27679
27690
27696
27703
27721
27722
27745
27753
27753
27781
27790
27791
27794
27799
27805
27820
27834
27844
27852
27853
27859
27865
27867
27875
27878
27885
27897
27897
27912
27914
27969
27983
27984
27985
28014
28021
28029
28033
28047
28050
28061
28077
28092
28093
28112
28124
28142
28154
28155
28159
28175
28179
28179
28181
28200
28203
28211
28212
28214
28217
28225
28235
28255
28268
28269
28274
28286
28286
28295
28302
28318
28335
28363
28368
28404
28438
28460
28464
28485
28485
28489
28492
28496
28538
28545
28554
28555
28556
28557
28559
28563
28568
28586
28608
28617
28618
28621
28629
28638
28641
28657
28677
28680
28687
28693
28697
28708
28722
28743
28745
28754
28769
28804
28809
28834
28858
28859
28879
28886
28890
28900
28905
28912
28918
28926
28940
28971
28975
28979
28991
28992
28997
28998
29002
29009
29016
29032
29033
29050
29051
29053
29059
29063
29064
29066
29071
29077
29079
29089
29090
29092
29102
29115
29121
29123
29123
29127
29137
29185
29239
29241
29247
29247
29256
29260
29268
29269
29274
29307
29313
29319
29326
29327
29341
29345
29364
29369
29370
29371
29376
29383
29392
29394
29397
29398
29402
29420
29443
29467
29482
29500
29502
29529
29534
29537
29542
29549
29552
29555
29564
29565
29566
29573
29592
29594
29601
29607
29614
29658
29680
29687
29694
29723
29724
29733
29748
29766
29773
29779
29784
29828
29836
29838
29856
29869
29892
29895
29912
29953
29953
29957
29961
29964
29970
29971
29981
29989
30012
30037
30063
30068
30074
30075
30078
30109
30137
30153
30190
30223
30225
30229
30231
30236
30237
30258
30267
30270
30282
30282
30306
30335
30338
30354
30365
30375
30376
30381
30393
30396
30411
30418
30420
30429
30432
30446
30450
30459
30460
30467
30472
30475
30520
30528
30535
30541
30543
30546
30547
30548
30552
30558
30568
30569
30589
30601
30612
30632
30634
30651
30651
30678
30690
30704
30724
30728
30737
30768
30778
30803
30816
30833
30842
30846
30849
30858
30865
30871
30886
30892
30897
30903
30945
30961
30967
30981
30986
30992
30993
30996
30996
30999
31000
31007
31014
31033
31036
31056
31066
31077
31085
31089
31089
31096
31105
31108
31117
31137
31139
31152
31158
31163
31223
31232
31235
31252
31279
31280
31281
31299
31348
31352
31358
31364
31372
31391
31402
31402
31415
31417
31423
31436
31476
31478
31482
31487
31497
31513
31530
31534
31557
31567
31590
31591
31596
31601
31603
31618
31625
31630
31640
31643
31645
31645
31659
31668
31674
31694
31703
31719
31734
31743
31781
31788
31807
31812
31820
31821
31825
31826
31827
31828
31830
31833
31843
31851
31862
31872
31873
31876
31881
31883
31886
31892
31916
31938
31943
31952
31960
31987
32009
32044
32068
32068
32080
32096
32108
32134
32140
32155
32161
32165
32165
32180
32181
32194
32209
32215
32215
32234
32274
32279
32283
32284
32297
32305
32323
32324
32330
32332
32342
32344
32352
32363
32365
32365
32367
32370
32388
32391
32435
32436
32450
32455
32498
32503
32511
32513
32519
32521
32523
32527
32541
32554
32560
32572
32572
32579
32582
32597
32598
32599
32606
32607
32607
32613
32617
32628
32640
32658
32667
32669
32703
32704
32704
32726
32744
32766
32769
32774
32784
32790
32807
32850
32860
32892
32900
32906
32922
32933
32938
32942
32942
32966
32970
32991
33003
33011
33016
33025
33029
33030
33036
33058
33061
33067
33069
33071
33072
33087
33106
33118
33127
33128
33149
33163
33173
33184
33191
33211
33223
33226
33228
33237
33238
33240
33253
33253
33256
33259
33291
33313
33324
33333
33340
33355
33371
33373
33393
33394
33402
33410
33416
33434
33453
33468
33469
33477
33488
33499
33506
33533
33536
33557
33559
33563
33564
33566
33566
33572
33599
33600
33601
33613
33617
33627
33628
33637
33642
33651
33659
33661
33664
33703
33706
33727
33728
33732
33733
33734
33747
33761
33764
33774
33792
33811
33835
33839
33862
33865
33867
33915
33928
33930
33940
33947
33974
33983
33990
33990
33991
34010
34030
34066
34080
34085
34101
34115
34117
34127
34144
34157
34160
34167
34172
34178
34179
34179
34181
34198
34216
34238
34240
34244
34253
34253
34266
34280
34282
34285
34295
34304
34312
34313
34321
34329
34332
34334
34337
34343
34349
34350
34371
34392
34404
34406
34410
34417
34420
34451
34468
34468
34470
34504
34536
34555
34562
34562
34563
34593
34594
34615
34629
34635
34635
34648
34657
34658
34667
34696
34705
34706
34716
34716
34718
34721
34732
34738
34741
34749
34756
34762
34768
34777
34780
34780
34783
34799
34811
34820
34823
34852
34860
34874
34878
34884
34913
34915
34916
34930
34971
34980
34981
34993
35009
35009
35012
35018
35024
35072
35084
35136
35146
35150
35159
35166
35178
35178
35194
35204
35214
35234
35235
35249
35273
35274
35277
35278
35280
35290
35292
35299
35311
35313
35317
35320
35324
35326
35382
35383
35426
35442
35443
35474
35489
35496
35510
35520
35523
35533
35540
35573
35573
35577
35580
35581
35584
35598
35614
35620
35634
35658
35665
35688
35701
35706
35716
35716
35720
35724
35744
35749
35764
35764
35766
35768
35777
35779
35786
35791
35795
35800
35805
35816
35825
35831
35868
35874
35882
35916
35924
35931
35933
35941
35955
35984
36008
36008
36025
36028
36034
36040
36047
36057
36066
36078
36095
36099
36105
36106
36114
36121
36137
36139
36148
36153
36160
36168
36171
36172
36177
36192
36201
36210
36220
36221
36227
36264
36266
36282
36283
36290
36295
36302
36313
36317
36338
36344
36349
36363
36381
36392
36399
36408
36413
36424
36447
36453
36474
36482
36503
36510
36525
36550
36550
36564
36571
36574
36613
36621
36625
36626
36627
36634
36635
36662
36671
36686
36694
36696
36698
36743
36744
36755
36765
36767
36769
36773
36788
36797
36802
36817
36825
36855
36861
36872
36873
36874
36877
36885
36896
36909
36912
36913
36919
36920
36936
36936
36937
36939
36957
36957
36968
36978
36994
37002
37008
37017
37026
37042
37055
37098
37135
37136
37136
37140
37157
37164
37168
37171
37172
37172
37180
37186
37187
37200
37227
37246
37251
37261
37280
37314
37324
37324
37344
37350
37366
37380
37388
37398
37410
37415
37421
37433
37441
37466
37472
37473
37474
37498
37500
37506
37532
37559
37579
37585
37588
37602
37604
37613
37637
37639
37650
37653
37671
37677
37694
37709
37722
37728
37737
37747
37747
37750
37755
37758
37761
37762
37783
37799
37806
37823
37887
37892
37900
37903
37920
37926
37945
37947
37953
37954
37962
37998
38018
38023
38035
38037
38038
38053
38065
38068
38069
38090
38100
38125
38130
38132
38143
38153
38163
38164
38176
38180
38182
38186
38198
38201
38205
38233
38263
38281
38286
38307
38325
38332
38339
38353
38357
38393
38405
38414
38418
38423
38426
38429
38449
38457
38473
38479
38488
38494
38504
38508
38518
38531
38557
38560
38581
38586
38592
38595
38608
38612
38619
38637
38639
38642
38666
38672
38708
38712
38729
38737
38757
38769
38772
38795
38821
38829
38834
38839
38840
38855
38883
38887
38897
38919
38936
38940
38948
38964
38970
38970
38980
38982
39003
39005
39026
39038
39057
39067
39072
39076
39079
39085
39135
39151
39152
39152
39154
39168
39170
39185
39193
39216
39218
39227
39227
39238
39241
39251
39284
39288
39314
39315
39315
39317
39323
39326
39335
39346
39351
39366
39376
39380
39381
39408
39433
39433
39441
39442
39449
39454
39454
39455
39456
39457
39470
39475
39488
39492
39496
39537
39538
39553
39555
39570
39578
39580
39585
39598
39600
39610
39616
39646
39665
39682
39696
39699
39718
39726
39731
39732
39742
39749
39761
39762
39775
39789
39796
39810
39831
39842
39849
39873
39874
39876
39884
39885
39902
39911
39916
39921
39921
39925
39929
39944
39947
39947
39949
39955
39959
39961
39964
39973
39974
39979
39986
39991
40009
40020
40030
40044
40046
40046
40082
40089
40101
40110
40124
40159
40161
40165
40190
40192
40209
40228
40259
40259
40280
40282
40311
40357
40362
40379
40386
40390
40396
40407
40414
40418
40427
40437
40440
40443
40465
40466
40476
40476
40480
40491
40516
40516
40539
40579
40588
40596
40607
40614
40619
40620
40624
40632
40633
40639
40642
40655
40674
40689
40712
40722
40725
40740
40756
40757
40785
40793
40808
40815
40822
40829
40841
40855
40872
40885
40892
40897
40899
40911
40913
40931
40955
40956
40967
40971
40979
40982
40983
40989
40990
40994
40998
41005
41013
41014
41029
41034
41046
41064
41066
41067
41080
41096
41113
41117
41117
41134
41136
41140
41143
41151
41160
41164
41165
41181
41188
41192
41201
41220
41225
41229
41232
41234
41250
41260
41288
41299
41311
41316
41320
41331
41342
41356
41361
41371
41382
41391
41392
41393
41414
41418
41425
41432
41469
41471
41483
41492
41503
41516
41521
41524
41539
41560
41562
41582
41584
41587
41599
41608
41631
41638
41647
41650
41653
41683
41710
41714
41721
41721
41733
41738
41751
41770
41784
41792
41802
41813
41823
41825
41851
41863
41865
41871
41891
41899
41906
41907
41908
41910
41930
41953
41982
41984
41990
42003
42008
42010
42027
42031
42036
42043
42066
42067
42068
42073
42074
42081
42083
42104
42133
42161
42181
42186
42188
42192
42211
42215
42220
42238
42246
42249
42281
42285
42286
42311
42339
42346
42371
42377
42386
42394
42399
42421
42423
42425
42429
42443
42444
42446
42476
42495
42503
42505
42514
42530
42533
42538
42542
42565
42577
42585
42585
42588
42591
42605
42606
42633
42635
42653
42655
42659
42667
42674
42694
42706
42713
42720
42728
42729
42730
42751
42762
42764
42765
42795
42810
42820
42831
42840
42843
42845
42850
42855
42886
42890
42891
42895
42902
42904
42914
42915
42921
42922
42931
42945
42958
42962
42968
42969
42972
42973
42974
42988
43010
43015
43020
43053
43057
43061
43061
43082
43083
43086
43106
43112
43114
43140
43142
43175
43194
43195
43207
43209
43213
43216
43222
43225
43236
43244
43257
43260
43270
43275
43312
43340
43342
43356
43368
43377
43387
43388
43398
43410
43427
43428
43451
43456
43457
43503
43509
43523
43525
43526
43529
43534
43549
43570
43576
43577
43579
43598
43600
43609
43619
43620
43622
43626
43639
43648
43662
43667
43672
43684
43685
43715
43730
43753
43768
43774
43779
43801
43802
43813
43814
43833
43834
43859
43869
43871
43876
43881
43898
43925
43928
43937
43950
43978
43983
44008
44013
44015
44022
44028
44030
44036
44040
44041
44047
44050
44051
44053
44075
44081
44086
44095
44107
44109
44114
44131
44146
44155
44186
44215
44227
44238
44247
44310
44322
44324
44338
44347
44348
44349
44363
44364
44372
44399
44428
44451
44466
44480
44486
44514
44519
44523
44526
44530
44544
44546
44562
44565
44575
44576
44585
44589
44590
44591
44595
44597
44597
44632
44652
44654
44654
44654
44657
44663
44677
44685
44760
44769
44788
44790
44812
44819
44837
44837
44852
44853
44877
44891
44911
44930
44931
44932
44938
44943
44950
44956
44959
44968
44969
44981
44983
44988
45002
45024
45033
45034
45036
45041
45043
45046
45053
45053
45064
45095
45109
45138
45140
45152
45154
45164
45171
45172
45188
45198
45202
45223
45245
45260
45261
45269
45272
45272
45273
45281
45281
45282
45285
45292
45305
45315
45329
45335
45345
45355
45378
45390
45398
45401
45407
45420
45437
45444
45444
45459
45468
45470
45482
45498
45512
45513
45519
45524
45526
45538
45538
45556
45557
45560
45561
45575
45585
45605
45614
45632
45634
45647
45649
45673
45679
45693
45697
45699
45700
45702
45704
45724
45724
45729
45738
45740
45745
45758
45760
45790
45790
45817
45834
45836
45852
45855
45865
45871
45871
45882
45885
45898
45909
45916
45919
45942
45949
45963
45965
45967
45991
46005
46005
46031
46034
46091
46119
46132
46142
46143
46164
46166
46171
46184
46190
46190
46198
46213
46216
46236
46237
46237
46240
46246
46254
46261
46266
46283
46296
46298
46312
46331
46345
46346
46351
46359
46362
46364
46381
46389
46391
46400
46406
46411
46416
46416
46420
46425
46439
46457
46468
46488
46501
46506
46510
46514
46544
46549
46550
46565
46577
46579
46580
46586
46596
46608
46615
46616
46623
46630
46642
46645
46645
46648
46650
46658
46667
46706
46707
46715
46731
46763
46767
46771
46777
46777
46795
46816
46819
46819
46875
46876
46886
46916
46918
46923
46951
46970
46991
47000
47008
47012
47018
47023
47027
47027
47036
47110
47112
47125
47125
47144
47148
47154
47171
47178
47182
47203
47212
47230
47234
47237
47255
47279
47297
47301
47306
47363
47363
47369
47377
47383
47403
47409
47458
47464
47466
47467
47481
47485
47488
47500
47515
47520
47532
47540
47548
47564
47598
47616
47643
47644
47651
47651
47658
47659
47661
47662
47666
47667
47676
47691
47703
47714
47714
47717
47721
47722
47728
47737
47741
47744
47755
47802
47805
47806
47820
47838
47850
47853
47853
47858
47871
47873
47875
47877
47880
47882
47912
47927
47927
47931
47931
47938
47943
47946
47966
47969
48021
48027
48045
48049
48064
48072
48087
48093
48107
48114
48115
48118
48120
48125
48128
48137
48141
48178
48180
48195
48197
48204
48217
48221
48226
48232
48241
48243
48261
48262
48284
48290
48317
48317
48324
48328
48355
48357
48359
48363
48394
48399
48409
48418
48443
48448
48453
48476
48476
48496
48510
48510
48579
48587
48599
48610
48631
48632
48636
48646
48647
48649
48656
48659
48665
48666
48693
48699
48702
48720
48725
48736
48743
48743
48763
48780
48788
48799
48801
48802
48812
48816
48822
48846
48851
48857
48867
48875
48881
48891
48894
48917
48949
48953
48983
49021
49021
49045
49048
49057
49057
49101
49102
49124
49127
49142
49168
49180
49181
49182
49209
49215
49277
49306
49322
49340
49345
49355
49356
49370
49371
49383
49390
49414
49415
49417
49426
49436
49444
49465
49475
49486
49495
49512
49523
49537
49539
49543
49552
49571
49575
49578
49579
49593
49612
49614
49617
49618
49620
49629
49652
49659
49687
49693
49699
49709
49721
49724
49731
49741
49745
49750
49757
49766
49774
49788
49818
49833
49835
49844
49847
49865
49867
49881
49883
49884
49905
49926
49929
49936
49946
49950
49955
49959
49965
49973
49973
49981
49994
